107458.94
37890
56763.26
61201
44500
17200
85792.33
43191.49
43930
74004
42171.67
49249.97
33992.11
116101
24539.83
32613.62
33100
93505.48
13525
33820.62
18595.82
163574.24
11000
322813.21
28728.97
32001.15
67951
42500
42647.15
25240
74343
33902.81
25600.28
12075
29948.47
132452.78
47383.31
34130.13
38177.93
11966.13
40000
40287.62
47974.15
26990.98
12595
67545
33120.44
12105
83123.89
72860
36230
73705
53659
23488.57
40000.09
27265.42
348046
57864.37
200920.02
880750.47
102310
157840
29000.02
90220.37
29315
30594.06
44999.95
69247.91
30748
93515.17
87988.38
51001
37722.01
37348.07
87662.1
131726.4
35000
47000
55000
47590
35000
35800
88402.61
35000
69000
131688.66
81168
45000
80618.41
115000
66340
145000
36412.85
63224.21
0
52138.39
34752.03
35926.44
597000
37641.81
43697.04
183538.73
172882.56
58545
31271.57
121949.1
57643.09
34206.86
59959
165000
40690.57
81800
136578.88
86830
56386.95
65000
42000.11
37110
50265.03
124740
35294.12
41431.73
180338.52
26874.64
31304.08
64350.4
111167.88
40611.35
92493.54
34861.54
58436.95
200849.35
83384.94
55407
22092.45
39999.99
60139.31
21163.18
213250
30111.05
37970.96
48159.62
178010.4
40879
38578.04
68968.66
106000
53200
28806.41
91857.36
130887.91
137636.68
107419.48
58451.89
37092.46
123554.86
52503.63
52664.62
25031.19
62965
75578.99
81073.32
33890
30240
197832.4
119401.74
201142.872
133861.4185
92390.55498
315562.518
55598.049
99178.08048
91924.44516
50543.43876
444594.7843
29898
768027.978
78085.34046
86979.1257
184690.818
115515
115914.9537
68602.32
210387.0346
92147.83758
69581.56104
32819.85
115319.7389
360006.656
128787.8366
92765.69334
103767.6137
32523.94134
108720
109501.7512
130393.7397
91392.75
34233.21
183587.31
90021.35592
32901.39
225930.733
198033.48
98473.14
200330.19
145845.162
63841.93326
108720.2446
74107.41156
945989.028
157275.3577
546100.6144
2209061.703
278078.58
429009.12
78822.05436
350486.9426
79678.17
83154.65508
122309.8641
188215.8194
83573.064
254174.2321
98715.55842
239152.4168
138620.718
102528.4232
101512.0543
238265.5878
358032.3552
95130
127746
149490
129349.62
95130
97304.4
240278.294
95130
187542
357929.7779
220614.624
122310
219120.8384
312570
190873.2895
180312.12
394110
98970.1263
171843.4028
0
141712.144
94456.01754
97648.06392
1622646
102310.4396
118768.5547
87826.70682
111906.9365
469894.7981
159125.31
84996.12726
331457.6538
156673.9186
92974.24548
81540
124601.5458
162968.562
448470
110596.9693
236943.4167
371221.3958
236003.94
153259.7301
176670
114156.299
100864.98
142069.86
339043.32
95929.41816
112611.4421
490160.0974
102914.352
85084.48944
174904.3872
277655.3059
110381.6493
251397.4417
94753.66572
158831.6301
545908.5333
226640.2669
150596.226
60047.2791
108719.9728
166887.0211
57521.52324
579613.5
81841.8339
103205.0693
130897.8472
483832.2672
426531.0922
195787.3248
227129.67
111109.122
104855.1127
187456.8179
288108
144597.6
78295.82238
246632.2985
249668.3045
355753.3394
374096.4962
162666.103
382640.04
291966.1466
158872.237
100817.3063
335822.1095
142704.8663
143142.4372
68034.77442
171138.87
205423.6948
106601.618
220357.2838
123998.7749
82192.32
537708.4632
523803.9091
86979.1257
92765.69334
103767.6137
32523.94134
109501.7512
130393.7397
91392.75
34233.21
183587.31
90021.35592
225930.733
145845.162
108720.2446
74107.41156
157275.3577
2209061.703
429009.12
116874.1903
79678.17
83154.65508
122309.8641
83573.064
254174.2321
98715.55842
280339.0591
138620.718
102528.4232
101512.0543
475708.138
219120.8384
190873.2895
180312.12
98970.1263
141712.144
94456.01754
97648.06392
564184.4197
1622646
102310.4396
118768.5547
87826.70682
107078.1649
469894.7981
84996.12726
331457.6538
156673.9186
81540
119431.7467
162968.562
147272.7643
346199.1617
110596.9693
236943.4167
137416.3722
371221.3958
236003.94
153259.7301
114156.299
142069.86
95929.41816
112611.4421
490160.0974
85084.48944
174904.3872
277655.3059
110381.6493
251397.4417
94753.66572
158831.6301
545908.5333
226640.0767
150596.226
60047.2791
149490
516420
81841.8339
103205.0693
443751.7694
227129.67
111109.122
104855.1127
187456.8179
288108
78295.82238
374096.4962
190737.9059
382640.04
158872.237
100817.3063
335822.1095
142704.8663
210386.6813
143142.4372
102882.3611
68034.77442
171138.87
205423.6948
626499
141222.143
220357.2838
123998.7749
523803.9091
91392.75
34233.21
183587.31
90021.35592
145845.162
108720.2446
86191.66674
157275.3577
2209061.703
429009.12
83573.064
280339.0591
102528.4232
173762.9631

101512.0543
514244.3769
219120.8384
190873.2895
87179.85
98970.1263
214370.7257
141712.144
172593
97648.06392
40321.53
564184.4197
1622646
102310.4396
118768.5547
87826.70682
107078.1649
469894.7981
84996.12726
331457.6538
156673.9186
81540
119431.7467
162968.562
147272.7643
346199.1617
239863.5
110596.9693
245761.9677
137416.3722
371221.3958
236003.94
131842.9773
119197.89
153259.7301
114156.299
142069.86
95929.41816
112611.4421
490160.0974
85084.48944
174904.3872
293987.9853
110381.6493
251397.4417
94753.66572
158831.6301
545908.5333
226692.371
150596.226
60047.2791
149490
516420
81841.8339
103205.0693
252082.8398
443751.7694
111109.122
104855.1127
187456.8179
147907.9066
228312
204529.5
204529.5
84205.5426
538164
374096.4962
382640.04
158872.237
100817.3063
335822.1095
143142.4372
102882.3611
68034.77442
205423.6948
204235.956
90020.16
141222.143
220357.2838
123998.7749
154014.111
154014.111
523803.9091
193881.9253
429009.12
70668
102528.4232
184993.3042
0
219120.8384
190873.2895
87179.85
98970.1263
464234.4
75586.92768
130668.0403
154353.6436
141712.144
172593
197924.76
84801.6
564184.4197
1622646
92034.8775
118768.5547
117363.5933
107078.1649
469894.7981
117417.6
331457.6538
179976.3383
81540
119431.7467
160864.83
147272.7643
346199.1617
239863.5
85141.35
44254.476
243624.3422
137416.3722
371221.3958
236003.94
131842.9773
110307.312
95637.8583
142069.86
95929.41816
116834.888
490160.0974
309960.0405
85084.48944
174904.3872
27180
275223.8102
45531.936
110381.6493
251397.4417
108864.9509
502119.1071
94753.66572
165798
158831.6301
545908.5333
226692.371
150596.226
143596.2073
67950
60047.2791
107918.951
149490
103773.24
516420
87919.4178
220273.2432
17028.27
298436.4
261388.1846
107708.904
443751.7694
276001.0495
128848.6382
228635.143
105701.2533
187456.8179
147907.9066
256851
195500.1409
193929.2456
84205.5426
91883.94696
187347.9076
113190.7567
374096.4962
119357.5453
382640.04
180080.6008
158810.4025
99843.33816
101314.6731
315410.4731
270386.64
143142.4372
102882.3611
68034.77442
430584.8805
410124.456
22423.5
150115.1944
276148.8
547948.8
141222.143
220357.2838
118233
123998.7749
413301.2544
341821.4693
150064.2319
189435.0598
272613.7692
343415.5492
468759.6254
203637.0719
301185.5483
274361.7965
478616.5067
180967.7016
0
219120.8384
190873.2895
85296.5478
98970.1263
222833.4089
75586.92768
130668.0403
162520.2551
141712.144
152452.2395
122310
197924.76
84801.6
564184.4197
92034.8775
118768.5547
117363.5933
107078.1649
469894.7981
117417.6
331457.6538
179976.3383
96520.28418
81540
189350.53
160864.83
147272.7643
346199.1617
239863.5
85141.35
44254.476
243624.3422
137416.3722
371221.3958
236003.94
84885.09696
141035.063
102080.0347
131842.9773
110307.312
95637.8583
77971.1301
142069.86
95929.41816
46270.9602
116834.888
490160.0974
309960.0405
297012.5485
85084.48944
174904.3872
27180
105109.0826
103385.7076
275223.8102
81540
110381.6493
251397.4417
108864.9509
94753.66572
164885.9479
158831.6301
141124.5668
545908.5333
212652.7051
150596.226
143596.2073
67950
60047.2791
107918.951
149490
103773.24
516420
108514.7366
62711.35398
298980
470376.4005
276001.0495
279902.6842
228635.143
105701.2533
187456.8179
147911.9564
82445.99094
195500.1409
9784.8
193929.2456
84205.5426
113689.0748
236120.515
187347.9076
249668.3045
107339.2016
264467.2165
119357.5453
382640.04
257807.8175

547948.8
229543.4171
101314.6731
315410.4731
143142.4372
102882.3611
68034.77442
430584.8805
410124.456
208589.8658
150115.1944
272778.48
91922.76
141222.143
296387.5716
220357.2838
123998.7749
150064.2319
189435.0598
272613.7692
619704
136987.2
333298.9085
456624
478616.5067
297719.446
358032.3552
95130
127746
149490
129349.62
95130
97304.4
240278.294
95130
187542
220614.624
122310
312570
188044.83
218570.688
130464
205073.1
382537.8704
98970.1263
214370.7257
171843.4028
222833.4089
464234.4
75586.92768
130668.0403
0
162520.2551
136787.9706
141712.144
152452.2395
122310
127202.4
197924.76
84801.6
564184.4197
92034.8775
149766.6924
117363.5933
65775.6
107078.1649
1320404.4
130464
117417.6
331457.6538
179976.3383
97848
96520.28418
81540
189350.53
160864.83
147272.7643
208580.7605
346199.1617
405827.0806
239863.5
85141.35
339749.9728
44254.476
243624.3422
137416.3722
371221.3958
236003.94
84885.09696
141035.063
102080.0347
131842.9773
119197.89
148402.8
95700.78
110307.312
82029.24
95637.8583
77971.1301
142069.86
339043.32
95929.41816
46270.9602
116834.888
490160.0974
309960.0405
102914.352

297012.5485
85084.48944
174904.3872
32616
105109.0826
103385.7076
275223.8102
45531.936
81540
110381.6493
251397.4417
108864.9509
502119.1071
94753.66572
164885.9479
358422.4426
165798
158831.6301
141124.5668
545908.5333
212652.7051
150596.226
143596.2073
211419.4126
67950
60047.2791
107918.951
101200.9792
266500.9057
57521.52324
103773.24
516420
108514.7366
62711.35398
17028.27
298436.4
298980
89411.328
130897.8472
483832.2672
107708.904
470376.4005
195787.3248
276001.0495
163080
279902.6842
228635.143
105701.2533
187456.8179
147911.9564
82445.99094
228312
289495.0498
140959.8832
256851
144597.6
108289.7678
255650.3779
9784.8
350583.4316
193929.2456
84205.5426
538164
113689.0748
236120.515
91883.94696
272362.5173
187347.9076
249668.3045
314744.4
264467.2165
119863.8
178844.4
161667.4554
119357.5453
382640.04
106941.7485
693534.6104
331793.653
180080.6008
257807.8175
99843.33816
0
547948.8
229543.4171
101314.6731
315410.4731
270386.64
141607.039
235785.7661
229781.4323
90005.26536
143142.4372
102882.3611
238265.5878
237020.472
68034.77442
430584.8805
190260
309651.1942
208589.8658
22423.5
150115.1944
346342.5634
276148.8
547948.8
663386.3098
272778.48
152902.3675
90020.16
91922.76
141222.143
296387.5716
220357.2838
118233
123998.7749
268165.1099
82192.32
391962.8072
413301.2544
341821.4693
150064.2319
189435.0598
272613.7692
343415.5492
468759.6254
830884.6363
203637.0719
619704
136987.2
76371.94044
333298.9085
301185.5483
274361.7965
456624
478616.5067
297719.446
383667.8517
205073.1
369112.3366
86636.16846
98970.1263
214370.7257
171843.4028
222833.4089
464234.4
75586.92768
130668.0403
0
162520.2551
65539.18836
136787.9706
141712.144
152452.2395
136595.808
149766.6924
117363.5933
66047.4
107078.1649
1320404.4
130464
117417.6
331457.6538
160864.83
97848
97848
81540
189350.53
160864.83
147272.7643
208580.7605
346199.1617
435647.2914
239863.5
85141.35
339749.9728
44254.476
243624.3422
137416.3722
371221.3958
236003.94
84885.09696
141035.063
102080.0347
131842.9773
119197.89
148402.8
95700.78
110307.312
82029.24
95637.8583
77971.1301
149490
339043.32
95929.41816
46270.9602
127202.4
384214.9851
309960.0405
96532.488
102914.352
96122.26026
297012.5485
85084.48944
174904.3872
629443.4909
32616
105109.0826
103385.7076
275223.8102
45531.936
81540
110381.6493
238003.4095
108864.9509
502119.1071
61426.8
115780.1953
94753.66572
130236.9111
164885.9479
390998.2977
165798
158831.6301
136508.1525
545908.5333
218977.8716
150596.226
143596.2073
211415.0638
67950
124097.5199
60047.2791
107918.951
101200.9792
67950
113439.4265
266500.9057
57521.52324
103773.24
516420
108514.7366
62711.35398
17028.27
298436.4
298980
89411.328
130897.8472
483832.2672
107708.904
446582.5121
195787.3248
276001.0495
163080
279902.6842
228635.143
109589.76
187456.8179
226462.3195
82445.99094
228312
289495.0498
148878.9936
256851
144597.6
108289.7678
255650.3779
9784.8
350583.4316
204743.4066
260928
84205.5426
538164
113689.0748
236120.515
91883.94696
272362.5173
187347.9076
249668.3045
104653.872
314744.4
264467.2165
147043.8
178844.4
67545.34416
161667.4554
119357.5453
382640.04
104907.8963
693534.6104
331793.653
180080.6008
257807.8175
99843.33816
0
547948.8
1754822.014
1971915.387
229543.4171
101314.6731
315830.4313
82007.496
270386.64
141607.039
235785.7661
229781.4323
65367.11178
99420.47172
143142.4372
207715.9473
102882.3611
237020.472
68034.77442
430584.8805
190260
309651.1942
208589.8658
22423.5
150115.1944
346342.5634
276148.8
547948.8
547948.8
663386.3098
272778.48
184824
90020.16
91922.76
296387.5716
220357.2838
118233
123998.7749
472414.5743
82192.32
391962.8072
413301.2544
341821.4693
150064.2319
189435.0598
272613.7692
81179.91936
343415.5492
468759.6254
830884.6363
327925.4497
203637.0719
619704
136987.2
76371.94044
333298.9085
212004
335289.8707
424753.4387
301185.5483
306590.4
274361.7965
456624
478616.5067
297719.446
500044.6751
396827.9728
205073.1
360106.162
86636.16846
98970.1263
214370.7257
171843.4028
222833.4089
464234.4
75586.92768
130668.0403
0
162520.2551
65539.18836
136787.9706
141712.144
152452.2395
208580.7605
362883.4688
452524.6852
277272.5299
85141.35
366930
44254.476
243624.3422
161491.5464
223912.4821
236003.94
84885.09696
141035.063
102080.0347
131842.9773
119197.89
148402.8
95700.78
110307.312
82029.24
95637.8583
77971.1301
149490
339043.32
95929.41816
46270.9602
127202.4
384214.9851
309960.0405
96532.488
102914.352
96122.26026
297012.5485
85084.48944
174904.3872
629443.4909
32616
80606.53008
105109.0826
103385.7076
212108.4799
45531.936
81540
110381.6493
238003.4095
228807.5186
108864.9509
502119.1071
61426.8
115780.1953
94753.66572
130236.9111
164885.9479
372590.8873
165798
348455.2104
158831.6301
136508.1525
545908.5333
218977.8716
150355.8189
143596.2073
211415.0638
67950
124097.5199
60047.2791
107918.951
101200.9792
67950
113439.4265
266500.9057
57521.52324
103773.24
167609.9819
90884.40246
516420
117060.7538
62711.35398
17028.27
298436.4
206922.6175
312570
89411.328
130897.8472
483832.2672
107708.904
446582.5121
195787.3248
276001.0495
134812.8
163080
279902.6842
228635.143
109589.76
187456.8179
226462.3195
82445.99094
228312
289495.0498
148878.9936
436125.605
256851
144597.6
108289.7678
171292.0565
255650.3779
9784.8
350583.4316
151210.0048
232421.4529
260928
84205.5426
538164
196987.2131
113689.0748
236120.515
91883.94696
272362.5173
187347.9076
249668.3045
104653.872
198001.0814
314744.4
264467.2165
147043.8
178844.4
67545.34416
161667.4554
119357.5453
382640.04
104907.8963
622965.6
331793.653
180080.6008
257807.8175
99843.33816
0
547948.8
2021442.321
229543.4171
101314.6731
337219.9769
260161.6871
82007.496
270386.64
141607.039
235785.7661
229781.4323
65367.11178

99420.47172
143142.4372
207715.9473

102882.3611
237020.472
68034.77442
430584.8805
391392
333290.2109
309651.1942
208589.8658
22423.5
150115.1944
346342.5634
276148.8
547948.8
547948.8
663386.3098
272778.48
184824
90020.16
91922.76
296387.5716
220357.2838
118233
123998.7749
472414.5743
82192.32
391962.8072
381335.4
341821.4693
150064.2319
189435.0598
272613.7692
81179.91936
343415.5492
468759.6254
830884.6363
327925.4497
183116.4709
619704
136987.2
1176196.751
333298.9085
212004
335289.8707
391449.2411
301185.5483
306590.4
274361.7965
456624
478616.5067
297719.446
500044.6751
396827.9728
360106.162
94975.4817
98970.1263
214370.7257
171843.4028
27179.97282
222833.4089
464234.4
75586.92768
130668.0403
0
162520.2551
65539.18836
136787.9706
141712.144
148402.8
95700.78
110307.312
82029.24
95637.8583
77971.1301
220690.728
339043.32
95929.41816
46270.9602
127202.4
384214.9851
722243.7572
96532.488
102914.352
96122.26026
297012.5485
85084.48944
174904.3872
629443.4909
32616
80606.53008
105109.0826
110950.5267
212108.4799
45531.936
81540
110381.6493
238003.4095
248315.0938
375872.1656
108864.9509
502119.1071
61426.8
121656.2395
94753.66572
130236.9111
164885.9479
481201.2432
165798
378436.1909
114903.45
158831.6301
136508.1525
545908.5333
218977.8716
303619.8706
143596.2073
300565.4638
67950
124097.5199
60047.2791
107918.951
101200.9792
67950
113439.4265
266500.9057
57521.52324
103773.24
167609.9819
151664.1282
516420
117060.7538
62711.35398
17028.27
298436.4
206922.6175
312570
89411.328
130897.8472
483832.2672
107708.904
446582.5121
195787.3248
276001.0495
134812.8
163080
279902.6842
228635.143
109589.76
187456.8179
195696
82445.99094
297401.603
228312
70523.78292
289495.0498
148878.9936
436125.605
40770
144597.6
62836.46352
108289.7678
171292.0565
255650.3779
9784.8
350583.4316
151210.0048
232421.4529
260928
239178.0476
84205.5426
538164
196987.2131
113689.0748
236120.515
91883.94696
272362.5173
187347.9076
249668.3045
104653.872
198001.0814
314744.4
264467.2165
147043.8
178844.4
67545.34416
161667.4554
119357.5453
382640.04
90800.3619
108832.6611
104907.8963
622965.6
331793.653
180080.6008
257807.8175
99843.33816
0
547948.8
2021442.321
229543.4171
101314.6731
489907.9485
260161.6871
82007.496
270386.64
141607.039
235785.7661
229781.4323
65367.11178
143142.4372
207715.9473
102882.3611
237020.472
68034.77442
835870.1278
391392
333290.2109
226546.4416
309651.1942
208589.8658
22423.5
150115.1944
346342.5634
276148.8
547948.8
547948.8
288031.896
272778.48
69474.87954
184824
90020.16
266619.9812
132964.56
296387.5716
220357.2838
203230.5134
118233
584579.1773
212948.6137
472414.5743
82192.32
342483.9818
391962.8072
163841.04
381335.4
341821.4693
150064.2319
189435.0598
272613.7692
81179.91936
343415.5492
468759.6254
830884.6363
327925.4497
183116.4709
619704
136987.2
1176196.751
333298.9085
212004
225762.9237
335289.8707
199766.9389
391449.2411
301185.5483
306590.4
274361.7965
456624
478616.5067
297719.446
500044.6751
396827.9728
784777.3812
94975.4817
202327.92
214370.7257
171843.4028
27179.97282
222833.4089
464234.4
75586.92768
130668.0403
0
162520.2551
79677.65358
136787.9706
95929.41816
46270.9602
744862.464
96532.488
102914.352
96122.26026
297616.2435
85084.48944
174904.3872
629443.4909
32616
80606.53008
105109.0826
174486.2229
212108.4799
45531.936
81540
110381.6493
238003.4095
331596
375872.1656
108864.9509
502119.1071
61426.8
66746.41524
94753.66572
130236.9111
164885.9479
481201.2432
165798
381708.6629
114903.45
158831.6301
136508.1525
545908.5333
218977.8716
303619.8706
143596.2073
300565.4638
67950
124097.5199
60047.2791
107918.951
101200.9792
67950
258699.24
113439.4265
266500.9057
56914.92
57521.52324
103773.24
167609.9819
229222.7474
516420
117060.7538
62711.35398
17028.27
183394.4679
298436.4
206922.6175
312570
89411.328
61901.7705
130897.8472
483832.2672
107708.904
42267.29184
195787.3248
276001.0495
97848
134812.8
163080
279902.6842
228635.143
56914.92
109589.76
187456.8179
195696
82445.99094
300850.3102
228312
91063.872
70523.78292
289495.0498
164321.2291
436125.605
40770
144597.6
62836.46352
108289.7678
171292.0565
317145.5627
9784.8
352059.9307
151210.0048
232421.4529
260928
239178.0476
84205.5426
538164
65932.21116
196987.2131
113689.0748
640781.329
236120.515
91883.94696
272362.5173
187347.9076
249668.3045
104653.872
198001.0814
314744.4
264467.2165
147043.8
178844.4
67545.34416
161667.4554
119357.5453
382640.04
90800.3619
108832.6611
126666.5735
622965.6
331793.653
180080.6008
257807.8175
99843.33816
0
547948.8
2021442.321
229543.4171
101314.6731
70504.92
85913.69688
489907.9485
260161.6871
82007.496
270386.64
141607.039
235785.7661
229781.4323
65367.11178
143142.4372

185343.1652
207715.9473




109316.601





353527.8682
73161.52038
119944.0082
156918.5658
40202.3457
102809.4372
391392
333290.2109
226546.4416
309651.1942
115996.1947
208589.8658
22423.5
150115.1944
70985.38086
346342.5634
276148.8
547948.8
547948.8
288031.896
272778.48
81540
759265.2547
184824
90020.16
266619.9812
132964.56
296387.5716
97755.0444
333282.1113
220357.2838
147124.6877
206024.4
203230.5134
118233
584579.1773
212948.6137
68493.6
10872
305753.0114
82192.32
342483.9818
391962.8072
163841.04
381335.4
341821.4693
234169.29
189435.0598
272613.7692
81179.91936
343415.5492
468759.6254
830884.6363
327925.4497
183116.4709
619704
97848
717552
136987.2
1176196.751
333298.9085
212004
225762.9237
335289.8707
199766.9389
391392
326160
103678.8982
391449.2411
360011.4125
301185.5483
306590.4
9115.51968
156556.8
274361.7965
456624
551063.4921
297719.446
500044.6751
265276.8
317822.6165
41675.99094
572570.8358
75586.92768
130668.0403
0
162520.2551
79677.65358
136787.9706
139890.323
102914.352
96122.26026

300502.5149
85084.48944
174904.3872
629443.4909
32616
80606.53008
105109.0826
174486.2229
212108.4799
45531.936
81540
110381.6493
238003.4095
331596
375872.1656
108864.9509
502119.1071
61426.8
66746.41524
94753.66572
130236.9111
164885.9479
331596
165798
355638.5311
114903.45
158831.6301
136508.1525
545908.5333
247066.1728
303619.8706
143596.2073
332582.2535
66511.2267
124097.5199
60047.2791
107918.951
101200.9792
302359.7786
258699.24
113439.4265
266500.9057
56914.92
57521.52324
103773.24
167609.9819
229222.7474
516420
117060.7538
62711.35398
17028.27
183394.4679
298436.4
204209.2924
312570
89411.328
61901.7705
130897.8472
483832.2672
107708.904
42267.29184
430091.5635
195787.3248
276001.0495
97848
134812.8
163080
279902.6842
228635.143
56914.92
109589.76
187456.8179
195696
82445.99094
72974.00556
300502.3246
228312
91063.872
99718.03836
70523.78292
289495.0498
191732.3678
436125.605
40770
144597.6
62836.46352
108289.7678
171292.0565
278362.6654
354313.9138
151210.0048
259150.2106
260928
239178.0476
84205.5426
538164
65932.21116
402607.7183
196987.2131
113689.0748
640781.329
236120.515
96658.22268
272362.5173
249668.3045
96241.82508
198001.0814
64658.47482
107339.2016
314744.4
265534.7926
108489.7854
178844.4
67545.34416
161667.4554
119357.5453
222651.6019
107276.6876
535352.3649
90800.3619
116842.5527
116842.5527
108832.6611
126666.5735
622965.6
331793.653
180080.6008
257807.8175
99843.33816
0
547948.8
2021442.321
229543.4171
101314.6731
70504.92
85913.69688
492214.1715
260161.6871
82007.496
270386.64
141607.039
235785.7661
229781.4323
326782.9656
65367.11178
127964.038
143142.4372
185343.1652
207715.9473
109316.601
353527.8682
73161.52038
131485.8049
156918.5658
40202.3457
102809.4372
273974.4
333290.2109
226546.4416
309651.1942
115996.1947
135900
208589.8658
22423.5
243800.3599
70985.38086
346342.5634
276148.8
547948.8
547948.8
288031.896
216373.783
272778.48
81540
759265.2547
173292.6132
90020.16
266619.9812
132964.56
69855.12774
97755.0444
333282.1113
220357.2838
147124.6877
206024.4
203230.5134
118233
584579.1773
212948.6137
68493.6
17793.33264
608140.9757
305753.0114
82192.32
342483.9818
711478.4387
391962.8072
163841.04
306481.68
341821.4693
234169.29
189435.0598
272613.7692
81179.91936
343415.5492
468759.6254
830884.6363
327925.4497
183116.4709
225803.0686
619704
97848
717552
136987.2
1176196.751
333298.9085
212004
225762.9237
115460.64
335289.8707
199766.9389
391392
326160
103678.8982
391449.2411
360011.4125
209403.7709
301185.5483
306590.4
9115.51968
156556.8
274361.7965
456624
551063.4921
297719.446
500044.6751
418991.1971
317822.6165
41675.99094
572570.8358
0
1009606.536
32616
80606.53008
105109.0826
174486.2229
212108.4799
45531.936
81540
110381.6493
238003.4095
331596
375872.1656
108864.9509
502119.1071
61426.8
66746.41524
102169.62
130236.9111
164885.9479
170282.7
331596
165798
355638.5311
114903.45
158831.6301
78807.48588
136508.1525
545908.5333
247066.1728
376446.4247
143596.2073
332582.2535
66511.2267
124097.5199
60047.2791
107918.951
101200.9792
302359.7786
258699.24
113439.4265
266500.9057
56914.92
57521.52324
76593.24
167609.9819
171917.0606
693090
117060.7538
62711.35398
17028.27
183394.4679
298436.4
204209.2924
312570
89411.328
61901.7705
130897.8472
483832.2672
107708.904
42267.29184
430091.5635
195787.3248
276001.0495
97848
134812.8
163080
279902.6842
228635.143
56914.92
109589.76
187456.8179
195696
82445.99094
72974.00556
300502.3246
228312
99718.03836
70523.78292
289495.0498
275215.2214
191732.3678
436125.605
40770
144597.6
62836.46352
108289.7678
171292.0565
407700
278362.6654
354313.9138
151210.0048
259150.2106
86094.19926
260928
239178.0476
84205.5426
538164
65932.21116
402607.7183
155195.6528
109986.8598
112048.9792
196987.2131
113689.0748
640781.329
147261.9739
236120.515
122310
272362.5173
249668.3045
96241.82508
198001.0814
64658.47482
107339.2016
314744.4
265534.7926
129626.856
178844.4
67545.34416
161667.4554
119357.5453
53411.79852
222651.6019
137402.5104
107276.6876
535352.3649
90800.3619
116842.5527
108832.6611
126666.5735
622965.6
331793.653
180080.6008

257807.8175
99843.33816
0
547948.8
2021442.321
55208.016
73413.18
229543.4171
101314.6731
70504.92
85913.69688
492214.1715
260161.6871
82007.496
270386.64
141607.039

235785.7661
229781.4323
326782.9656
65367.11178
127964.038
143142.4372
185343.1652
207715.9473
109316.601
353527.8682
153955.7284
81501.05106
73161.52038
131485.8049
156918.5658
40202.3457
74130.35148
102809.4372
273974.4
273974.4
333290.2109
1219946.903
226546.4416
309651.1942
115996.1947
171996.2359
208589.8658
143117.7577
243800.3599
70985.38086
346342.5634
276148.8
547948.8
547948.8
288031.896
216373.783
272778.48
84612.40002
759265.2547
173292.6132
90020.16
266619.9812
132964.56
69855.12774
97755.0444
333282.1113
220357.2838
147124.6877
206024.4
203230.5134
118233
584579.1773
212948.6137
255503.7418
68493.6
17793.33264
608140.9757
242559.5386
82192.32
342483.9818
711478.4387
97848
163841.04
306481.68
341821.4693
234169.29
189435.0598
272613.7692
81179.91936
68113.08
343415.5492
468759.6254
396284.4
830884.6363
327925.4497
183116.4709
225803.0686
619704
97848
717552
136987.2
1176196.751
333298.9085
212004
225762.9237
115460.64
335289.8707
199766.9389
391392
326160
103678.8982
391449.2411
391392
360011.4125
479071.6358
397906.7198
209403.7709
220120.6003
306590.4
9115.51968
156556.8
274361.7965
149321.8373
456624
1082641.099
557189.9728
297719.446
500044.6751
418991.1971
317822.6165
41675.99094
572570.8358
307398.1896
102169.62
130236.9111
333867.9762
170282.7
331596
165798
229806.9
114903.45
158831.6301
107097.5986
136508.1525
545908.5333
247066.1728
376446.4247
113829.84
176704.0565
66511.2267
124097.5199
96267.10248
107918.951
101200.9792
302359.7786
258699.24
113439.4265
266500.9057
56914.92
57521.52324
76593.24
224642.7
171917.0606
693090
215852.688
62711.35398
17028.27
183394.4679
71665.07112
298436.4
204209.2924
312570
89411.328
61901.7705
130897.8472
483832.2672
107708.904
42267.29184
425355.367
195787.3248
210565.6616
276001.0495
97848
134812.8
163080
279902.6842
532893.2544
56914.92
109589.76
187456.8179
195696
82445.99094
72974.00556
396407.3351
228312
111808.5178
127420.0031
99718.03836
70523.78292
289495.0498
275215.2214
191732.3678
436125.605
40770
99432.40374
62836.46352
108289.7678
194902.0722
171292.0565
407700
308112.2354
151210.0048
259150.2106
86094.19926
260928
239178.0476
186929.0366
538164
65932.21116
402607.7183
155195.6528
112048.9792
196987.2131
113689.0748
640781.329
147261.9739
236120.515
122310
272362.5173
249668.3045
96241.82508
198001.0814
64658.47482
107339.2016
314744.4
265534.7926
129626.856
178844.4
67545.34416
161667.4554
119357.5453
53411.79852
222651.6019
137402.5104
107276.6876
535352.3649
90800.3619
116842.5527
108832.6611
123774.1322
622965.6
331793.653
180080.6008
0
257807.8175
99843.33816
0
547948.8
1753435.182
55208.016
73413.18
229543.4171
101314.6731
223232.1939
70504.92
231044.1336
85913.69688
492214.1715
260161.6871
82007.496
270386.64
150404.4711
141607.039
179576.9554
235785.7661
229781.4323
326782.9656
65367.11178
127964.038
143142.4372
185343.1652
207715.9473
154649.7968
353527.8682
153955.7284
81501.05106
73161.52038
127233.3852
156918.5658
40202.3457
74012.06412
177461.4816
102809.4372
273974.4
273974.4
333290.2109
1219946.903
226546.4416
309651.1942
115996.1947
171996.2359
208589.8658
143117.7577
243800.3599
70985.38086
346342.5634
276148.8
547948.8
547948.8
288031.896
236051.7768
216373.783
272778.48
84612.40002
759265.2547
173292.6132
90020.16
266619.9812
132964.56
69855.12774
97755.0444
333282.1113
286177.1056
43779.6414
147124.6877
206024.4
203230.5134
118233
584579.1773
212948.6137
255503.7418
68493.6
17793.33264
608140.9757
161019.5386
82192.32
135900
342483.9818
711478.4387
97848
163841.04
306481.68
341821.4693
234169.29
189435.0598
272613.7692
81179.91936
68113.08
343415.5492
468759.6254
396284.4
830884.6363
327925.4497
183116.4709
225803.0686
619704
97848
717552
136987.2
1176196.751
333298.9085
212004
225762.9237
115460.64
335289.8707
199766.9389
391392
326160
103678.8982
391449.2411
391392
360011.4125
479071.6358
397906.7198
209403.7709
220120.6003
306590.4
9115.51968
156556.8
274361.7965
149321.8373
456624
1082641.099
557189.9728
297719.446
500044.6751
418991.1971
317822.6165
41675.99094
572570.8358
114903.45
332425.8869
99175.66146
247066.1728
182388.672
113829.84
201143.8233
66511.2267
124097.5199
96267.10248
107918.951
101200.9792
302359.7786
258699.24
113439.4265
266500.9057
56914.92
57521.52324
76593.24
224642.7
171917.0606
690372
215852.688
62711.35398
17028.27
183394.4679
73602.4887
298436.4
204209.2924
312570
89411.328
61901.7705
130897.8472
483832.2672
107708.904
42267.29184
425355.367
195787.3248
210565.6616
276001.0495
97848
134812.8
163080
279902.6842
142966.3379
6341.99094
532893.2544
56914.92
109589.76
187456.8179
195696
82445.99094
72974.00556
396407.3351
228312
107476.9771
99718.03836
70523.78292
289495.0498
275215.2214
163508.7373
436125.605
40770
99432.40374
62836.46352
108289.7678
63828.64224
194902.0722
171292.0565
407700
308112.2354
151210.0048
259150.2106
85697.181
260928
19178.208
239178.0476
186929.0366
538164
65932.21116
402607.7183
104373.1026
112048.9792
196987.2131
113689.0748
640781.329
147261.9739
236120.515
122310
272362.5173
249668.3045
96241.82508
198001.0814
64658.47482
107339.2016
314744.4
389428.5168
129626.856
178844.4
67545.34416
161667.4554
119357.5453
53411.79852
222651.6019
137402.5104
107276.6876
535352.3649
90800.3619
116560.5059
108715.4881
123774.1322
622965.6
331793.653
180080.6008
0
257807.8175
99843.33816
0
547948.8
1676100.009
55208.016
73413.18
229543.4171
259977.2436
223232.1939
70504.92
231044.1336
85913.69688
400273.7717
260161.6871
82007.496
270386.64
178300.8
141607.039
179576.9554
235785.7661
229781.4323
326782.9656
65367.11178
127964.038
143142.4372
185343.1652
207715.9473

154649.7968
353527.8682
153955.7284
81501.05106
73161.52038
131485.8049
156918.5658
40202.3457
74012.06412
177461.4816
102809.4372
273974.4
273974.4
333290.2109
1219946.903
226546.4416
309651.1942
115996.1947
171996.2359
208589.8658
143117.7577
243800.3599
37580.50854
346342.5634
276148.8
547948.8
547948.8
288031.896
236051.7768
216373.783
272778.48
759265.2547
173292.6132
90020.16
266619.9812
132964.56
69855.12774
97755.0444
81445.4136
333282.1113
286177.1056
48723.2757
147124.6877
206024.4
203230.5134
118233
584579.1773
212948.6137
159818.4
68493.6
17793.33264
608140.9757
161019.5386
82192.32
442385.2678
108720
342483.9818
711478.4387
97848
163841.04
306481.68
341821.4693
234169.29
189435.0598
221353.92
81179.91936
162619.5436
228643.2427
343415.5492
468759.6254
396284.4
830884.6363
327925.4497
183116.4709
225803.0686
619704
97848
717552
136987.2
1176196.751
333298.9085
212004
225762.9237
115460.64
335289.8707
199766.9389
391392
326160
103678.8982
391449.2411
391392
360011.4125
479071.6358
397906.7198
209403.7709
220120.6003
306590.4
9115.51968
156556.8
274361.7965
149321.8373
456624
1082641.099
557189.9728
448665.696
500044.6751
418991.1971
317822.6165
41675.99094
572570.8358
302359.7786
258699.24
113439.4265
266500.9057
56914.92
57521.52324
76593.24
224642.7
171917.0606
663192
215852.688
62711.35398
17028.27
183394.4679
86591.15838
298436.4
240759.38
312570
89411.328
61901.7705
130897.8472
483832.2672
107708.904
42267.29184
425355.367
195787.3248
186206.2389
276001.0495
97848
134812.8
163080
279902.6842

142966.3379
6341.99094
532893.2544
56914.92
109589.76
187456.8179
195696
82445.99094
72974.00556
396407.3351
228312
162772.105
99718.03836
70523.78292
289495.0498
275215.2214
163508.7373
436125.605
40770
99432.40374
62836.46352
65064.24504
108289.7678
63828.64224
194902.0722
171292.0565
407700
308112.2354
151210.0048
260522.8821
85697.181
260928
19178.208
239178.0476
186929.0366
538164
65932.21116
399775.3992
104373.1026
112048.9792
196987.2131
113689.0748
73831.91508
640781.329
147261.9739
236120.515
122310
272362.5173
249668.3045
96241.82508
198001.0814
64658.47482
107339.2016
314744.4
389428.5168
129626.856
178844.4
67545.34416
161667.4554
119357.5453
53216.37432
222651.6019
137402.5104
107276.6876
535352.3649
90800.3619
116560.5059
108715.4881
123774.1322
622965.6
331793.653
180080.6008
0
257807.8175
99843.33816
0
547948.8
1676100.009
55208.016
73413.18
229543.4171
259977.2436
219134.673
70504.92
231044.1336
85913.69688
401660.006
260161.6871
82007.496
270386.64
178300.8
141607.039
179576.9554
235785.7661
229781.4323
326782.9656
65367.11178
127964.038
143142.4372
185343.1652
154649.7968
353527.8682
153955.7284
81501.05106
73161.52038
131485.8049
156918.5658
40202.3457
74012.06412
173724.9655
102809.4372
273974.4
273974.4
333290.2109
1219946.903
226546.4416
309651.1942
115996.1947
171996.2359
208589.8658
143117.7577
243800.3599
37811.91906
346342.5634
276148.8
547948.8
547948.8
288031.896
236051.7768
216373.783
272778.48
84612.40002
759265.2547
173292.6132
90020.16
266843.1562
132964.56
145243.125
97755.0444
97848
333282.1113
286177.1056
48723.2757
147124.6877
170771.2061
206024.4
203230.5134
118233
584579.1773
212948.6137
159818.4
68493.6
17793.33264
608140.9757
173792.6708
82192.32
442385.2678
108720
342483.9818
711478.4387
97848
163841.04
306481.68
341821.4693
234169.29
189435.0598
221353.92
329793.4224
162619.5436
230793.9961
343415.5492
468759.6254
396284.4
830884.6363
327925.4497
183116.4709
225803.0686
619704
97848
717552
136987.2
1177089.723
333298.9085
212004
225762.9237
115460.64
335289.8707
199766.9389
391392
326160
103678.8982
394364.5135
391392
360011.4125
479071.6358
397906.7198
209403.7709
220120.6003
306590.4
9115.51968
156556.8
274361.7965
149321.8373
456624
1082641.099
557190
448665.696
500044.6751
418991.1971
317822.6165
41675.99094
572570.8358
49718.30832
130897.8472
483832.2672
107708.904
90373.5
430091.5907
195787.3248
186206.2389
276001.0495
97848
134812.8
163080
279902.6842
0
142966.3379
6341.99094
242417.3328
2718
109589.76
207145.6837
195696
82445.99094
401204.9313
228312
162772.105
99718.03836
70523.78292
289495.0498
261625.2214
163508.7373
436125.605
40770
99432.40374
62836.46352
64254.85182
108289.7678
63828.64224
194902.0722
171292.0565
407700
314141.1399
151210.0048
259150.2106
85697.181
260928
19178.208
239178.0476
186929.0366
538164
65932.21116
412611.127
104373.1026
40770
112048.9792
181337.6758
113689.0748
73831.91508
640781.329
147261.9739
90599.094
236120.515
122310
272362.5173
249668.3045
96241.82508
198001.0814
64658.47482
118007.406
314744.4
389428.5168
129626.856
178844.4
67545.34416
161667.4554
119357.5453
41640.73848
222651.6019
137402.5104
107276.6876
535352.3649
90800.3619
116817.6559
108715.4881
123774.1322
622965.6
331793.653
180080.6008
0
257807.8175
99843.33816
0
547948.8
1676100.009
55208.016
73413.18
229543.4171
259977.2436
219134.673
70504.92
231044.1336
85913.69688
400273.7717
260161.6871
82007.496
270386.64
178300.8
141607.039
179576.9554
235785.7661
229781.4323
326782.9656
103762.2865
127964.038
143142.4372
185343.1652
154649.7968
353527.8682
153955.7284
81501.05106
73161.52038
132665.7159
156918.5658
143401.68
74012.06412
173724.9655
102809.4372
273974.4
273974.4
333290.2109
1219946.903
116310.7489
226546.4416
309651.1942
115996.1947
171996.2359
208589.8658
143117.7577
243800.3599
37580.50854
346342.5634
276148.8
547948.8
547948.8
288031.896
236051.7768
216373.783
272778.48
84612.40002
759265.2547
173292.6132
90020.16
266822.4994
132964.56
145243.125
97755.0444
95173.488
333282.1113
285163.5091
201109.5765
147124.6877
170771.2061
206024.4
203230.5134
118233
584579.1773
212948.6137
159818.4
68493.6
17793.33264
608140.9757
169121.353
82192.32
442385.2678
163080
342483.9818
711478.4387
97848
163841.04
306481.68
341821.4693
234169.29
189435.0598
221353.92
329793.4224
162619.5436
228643.2427
343415.5492
468759.6254
396284.4
830884.6363
327925.4497
183116.4709
225803.0686
619704
131016.814
717552
136987.2
1176196.751
315399.4924
333298.9085
212004
225762.9237
115460.64
335289.8707
199766.9389
391392
326160
103678.8982
391449.2411
319594.7797
391392
360011.4125
479071.6358
397906.7198
209403.7709
310897.9951
220120.6003
306590.4
9115.51968
156556.8
274361.7965
149321.8373
456624
1082641.099
679499.9728
448665.696
500044.6751
418991.1971
317822.6165
41675.99094
572570.8358
6341.99094
2718
109589.76
207145.6837
195696
82445.99094
382480.3847
228312
162772.105
99718.03836
70523.78292
289495.0498
261625.2214
163508.7373
436125.605
40770
99432.40374
62836.46352
64254.85182
108289.7678
63828.64224
194902.0722
171292.0565
407700
314141.1399
151210.0048
259150.2106
79137.94032
85697.181
260928
19178.208
239178.0476
186929.0366
538164
65932.21116
412611.127
104373.1026
40770
112048.9792
181337.6758
113689.0748
73831.91508
640781.329
147261.9739
90599.094
236120.515
122310
272362.5173
249668.3045
96241.82508
198001.0814
64658.47482
114211.3385
314744.4
389428.5168
71893.43748
178844.4
67545.34416
146574.2655
161667.4554
119357.5453
41640.73848
222651.6019
137402.5104
107276.6876
535352.3649
90800.3619
136252.4702
175085.1886
108715.4881
123774.1322
622965.6
186013.4783
331793.653
180080.6008
0
257807.8175
289901.88
99843.33816
87813.60606
0
547948.8
1676100.009
55208.016
73413.18
229543.4171
259977.2436
126558.4243
70504.92
231044.1336
85913.69688
520921.8778
400273.7717
260161.6871
82007.496
270386.64
178300.8
141607.039
179576.9554
235785.7661
229781.4323
326782.9656
103762.2865
127964.038
143142.4372
185343.1652
154649.7968
353527.8682
153955.7284
81501.05106
73161.52038
132665.7159
156918.5658
143401.68
74012.06412
180341.0395
102809.4372
273974.4
273974.4
115581.2105
333290.2109
1219946.903
116310.7489
226546.4416
623938.0732
638729.9728
128473.065
309651.1942
115996.1947
171996.2359
208589.8658
143117.7577
243800.3599
37580.50854
346342.5634
1095897.6
547948.8
547948.8
288031.896
430030.2182
236051.7768
153174.249
216373.783

272778.48
84612.40002
759265.2547
173292.6132
90020.16
266822.4994
132964.56
145243.125
97755.0444
95173.488
333282.1113
285163.5091
197175.8966
201109.5765
147124.6877
170771.2061
206024.4
203230.5134
118233
584579.1773
212948.6137
159818.4
68493.6
17793.33264
608140.9757
169121.353
82192.32
442385.2678
163080
342483.9818
711478.4387
97848
163841.04
306481.68
341821.4693
234169.29
189435.0598
221353.92
329793.4224
162619.5436
228643.2427
343415.5492
468759.6254
396284.4
830884.6363
327925.4497
183116.4709
225803.0686
619704
131016.814
717552
136987.2
1176196.751
315399.4924
333298.9085
104941.2733
212004
225762.9237
115460.64
335289.8707
199766.9389
203246.8758
391392
326160
103678.8982
391449.2411
319594.7797
391392
360011.4125
479071.6358
397906.7198
209403.7709
310897.9951
220120.6003
306590.4
263646
9115.51968
156556.8
274361.7965
149321.8373
456624
1082641.099
679499.9728
448665.696
500044.6751
418991.1971
317822.6165
41675.99094
572570.8358
99718.03836
70523.78292
289495.0498
261625.2214
163508.7373
436125.605
40770
99432.40374
62836.46352
64254.85182
63828.64224
194902.0722
171292.0565
271800
314141.1399
872463.1325
79137.94032
85697.181
260928
19178.208
19026
239178.0476
186929.0366
27179.97282
538164
65932.21116
236928.6308
59243.18598
104373.1026
40770
112048.9792
246172.1954
113689.0748
73831.91508
640781.329
147261.9739
90599.094
236120.515
122310
66207.54456
46379.952
249668.3045
96241.82508
252361.0814
64658.47482
99021.4965
314744.4
389428.5168
71893.43748
178844.4
305368.0067
67545.34416
146574.2655
161667.4554
119357.5453
41640.73848
222651.6019
137402.5104
107276.6876
535352.3649
90800.3619
136252.4702
175085.1886
108715.4881
123774.1322
622965.6
186013.4783
331793.653
180080.6008
0
257807.8175
289901.88
99843.33816
87813.60606
81540
0
547948.8
821923.2
55208.016
73413.18
229543.4171
259977.2436
126558.4243
70504.92
231044.1336
85913.69688
518802.4901
400273.7717
260161.6871
82007.496
270386.64
178300.8
141607.039
179576.9554
235785.7661
229781.4323
326782.9656
103762.2865
127964.038
185343.1652
154649.7968
353527.8682
153955.7284
81501.05106
73161.52038
132665.7159
120823.7704
156918.5658
143401.68
74012.06412
180341.0395
102809.4372
273974.4
273974.4
115581.2105
333290.2109
1219946.903
105698.6712
116310.7489
226546.4416
505548
128473.065
309651.1942
150485.0054
115996.1947
171996.2359
208589.8658
143117.7577
243800.3599
37580.50854
346342.5634
1095897.6
547948.8
547948.8
288031.896
430030.2182
718128.7596
236051.7768
155716.3129
350076.3887
216373.783
262531.0764
97357.37382
0
272778.48
84612.40002
759265.2547
173292.6132
90020.16
266822.4994
132964.56
145243.125
97755.0444
186518.8089
333282.1113
507359.9819
285163.5091
197175.8966
201109.5765
147124.6877
170771.2061
206024.4
203230.5134
118233
265583.3904
584579.1773
212948.6137
159818.4
68493.6
17793.33264
608140.9757
169121.353
82192.32
442385.2678
59546.70504
342483.9818
711478.4387
97848
163841.04
306481.68
341821.4693
234169.29
189435.0598
221353.92
329793.4224
162619.5436
228643.2427
343415.5492
468759.6254
396284.4
830884.6363
327925.4497
183116.4709
98447.9985
225803.0686
619704
131016.814
717552
273974.4
1176196.751
315399.4924
333298.9085
86362.16688
212004
225762.9237
115460.64
335289.8707
199766.9389
203246.8758
265509.2162
391392
326160
103678.8982
391449.2411
319594.7797
391392
360011.4125
479071.6358
397906.7198
209403.7709
310897.9951
220120.6003
306590.4
263646
85229.1414
9115.51968
156556.8
274361.7965
149321.8373
456624
1082641.099
679499.9728
448665.696
500044.6751
418991.1971
317822.6165
41675.99094
572570.8358
63828.64224
171292.0565
271800
314141.1399
652320
79137.94032
85697.181
164384.64
19178.208
6341.99094
239178.0476
186929.0366
27179.97282
538164
65932.21116
202320.826
59243.18598
104373.1026
40770
112048.9792
246172.1954
113689.0748
48924
73831.91508
136033.2092
640781.329
147261.9739
90599.094
236120.515
122310
66207.54456
54360.02718
22650.01812
46379.952
249668.3045
95129.97282
96241.82508
252361.0814
64658.47482
99021.4965
314744.4
389428.5168
71893.43748
135898.641
126281.5416
178844.4
65733.471
331988.0715
67545.34416
146574.2655
161667.4554
119357.5453
41640.73848
222651.6019
137402.5104
107276.6876
535352.3649
90800.3619
163079.9728
136252.4702
175085.1886
108715.4881
123774.1322
622965.6
186013.4783
331793.653
180080.6008
0
94031.7921
257807.8175
289901.88
99843.33816
87813.60606
95727.96
0
547948.8
821923.2
55208.016
73413.18
229543.4171
259977.2436
126558.4243
70504.92
231044.1336
103048.8658
85913.69688
518802.4901
107226.1057
400273.7717
260161.6871
82007.496
270386.64
178300.8
141607.039
179576.9554
235785.7661
229781.4323
326782.9656
103762.2865
127964.038
185343.1652
154649.7968
353527.8682
153955.7284
81501.05106
73161.52038
132665.7159
133152.7271
156918.5658
143401.68
74012.06412
180341.0395
102809.4372
273974.4
273974.4
115581.2105
333290.2109
1219946.903
105698.6712
116310.7489
226546.4416
505548
128473.065
309651.1942
150485.0054
115996.1947
171996.2359
208589.8658
143117.7577
243800.3599
37580.50854
346342.5634
1095897.6
547948.8
547948.8
288031.896
430030.2182
718128.7596
236051.7768
155716.3129
354783.3667
216373.783
262531.0764
97357.37382
0
272778.48
84612.40002
759265.2547
173292.6132
90020.16
266822.4994
132964.56
145243.125
97755.0444
186518.8089
333282.1113
543600
285163.5091
197175.8966
201109.5765
147124.6877
170771.2061
206024.4
203230.5134
118233
226020.8347
584579.1773
212948.6137
159818.4
68493.6
17793.33264
608140.9757
169121.353
82192.32
442385.2678
59546.70504
342483.9818
711478.4387
97848
163841.04
306481.68
341821.4693
234169.29
189435.0598
221353.92
63873
329793.4224
162619.5436
228643.2427
343415.5492
468759.6254
396284.4
830884.6363
327925.4497
183116.4709
167190.975
105190.1334
225803.0686
619704
131016.814
717552
273974.4
1176196.751
315399.4924
333298.9085
143936.9357
169377.4157
225762.9237
115460.64
335289.8707
199766.9389
203246.8758
265509.2162
391392
326160
103678.8982
391449.2411
319594.7797
391392
360011.4125
479071.6358
397906.7198
209403.7709
310897.9951
220120.6003
306590.4
263646
96731.33688
9115.51968
156556.8
274361.7965
149321.8373
456624
1082641.099
679499.9728
448665.696
500044.6751
418991.1971
317822.6165
41675.99094
187323.1195
65932.21116
299200.158
59243.18598
104373.1026
40770
112048.9792
246172.1954
113689.0748
48924
73831.91508
159861.2629
640781.329
147261.9739
90599.094
236120.515
122310
66207.54456
54360.02718
22650.01812
46379.952
268694.3045
95129.97282
96241.82508
252361.0814
64658.47482
99021.4965
314744.4
27747.00198
389428.5168
71893.43748
135898.641
126281.5416
178844.4
65733.471
423545.6138
67545.34416
146574.2655
161667.4554
119357.5453
41640.73848
222651.6019
137402.5104
107276.6876
535352.3649
90800.3619
136252.4702
175085.1886
108715.4881
123774.1322
622965.6
186013.4783
331793.653
180080.6008
0
94031.7921
257807.8175
289901.88
99843.33816
87813.60606
76660.67358
95727.96
104327.9294
0
547948.8
821923.2
55208.016
73413.18
229543.4171
259977.2436
126558.4243
70504.92
231044.1336
103048.8658
85913.69688
518802.4901
107226.1057
400273.7717
260161.6871
82007.496
270386.64
178300.8
141607.039
179576.9554
235785.7661
229781.4323
326782.9656
103762.2865
127964.038
185343.1652
154649.7968
353527.8682
153955.7284
81501.05106
73161.52038
132665.7159
133152.7271
156918.5658
143401.68
74012.06412
180341.0395
102809.4372
273974.4
273974.4
115581.2105
333290.2109
1219946.903
105698.6712
116310.7489
226546.4416
505548
128473.065
309651.1942
150485.0054
115996.1947
218558.7288
112343.1212
171996.2359
208589.8658
143117.7577
1134911.555
243800.3599
37580.50854
346342.5634
1095897.6
547948.8
547948.8
288031.896
430030.2182
718128.7596
236051.7768
155716.3129
374850.3064
216373.783
262531.0764
97357.37382
0
272778.48
84612.40002
759265.2547
173292.6132
90020.16
266822.4994
132964.56
145243.125
97755.0444
186191.0996
186518.8089
333282.1113
550197.1024
285163.5091
197175.8966
201109.5765
147124.6877
170771.2061
206024.4
43998.52194
203230.5134
118233
226020.8347
584579.1773
212948.6137
177751.7912
139609.6895
159818.4
68493.6
17793.33264
608140.9757
169121.353
82192.32
37380.43656
442385.2678
59546.70504
342483.9818
711478.4387
103120.92
97848
163841.04
306481.68
341821.4693
234169.29
189435.0598
221353.92
156459.0879
63873
329793.4224
162619.5436
228643.2427
343415.5492
468759.6254
396284.4
830884.6363
327925.4497
183116.4709
105190.1334
225803.0686
619704
131016.814
717552
273974.4
68965.79814
1176196.751
315399.4924
333298.9085
143936.9357
169377.4157
225762.9237
115460.64
335289.8707
199766.9389
203246.8758
265509.2162
391392
326160
103678.8982
391449.2411
319594.7797
391392
360011.4125
479071.6358
397906.7198
209403.7709
220120.6003
306590.4
263646
96731.33688
9115.51968
156556.8
274361.7965
149321.8373
456624
1082641.099
679499.9728
448665.696
500044.6751
418991.1971
317822.6165
41675.99094
177689.5218
246172.1954
65612.52
202517.9626
640781.329
147261.9739
90599.094
122310
66207.54456
54360.02718
22650.01812
46379.952
268694.3045
95129.97282
96241.82508
252361.0814
64658.47482
99021.4965
314744.4
54360
180.99162
389428.5168
71893.43748
135898.641
126281.5416
178844.4
65733.471
423545.6138
67545.34416
146574.2655
119357.5453
41640.73848
222651.6019
137402.5104
107276.6876
224224.128
535352.3649
90800.3619
163079.9728
136252.4702
175085.1886
184659.0718
108715.4881
123774.1322
622965.6
186013.4783
331793.653
180080.6008
0
94031.7921
257807.8175
289901.88
99843.33816
87813.60606
76660.67358
95727.96
104327.9294
0
547948.8
821923.2
55208.016
73413.18
229543.4171
259977.2436
126558.4243
70504.92
231044.1336
103048.8658
85913.69688
518802.4901
107226.1057
400273.7717
260161.6871
82007.496
270386.64
264077.1835
141607.039
179576.9554
360080.64
229781.4323
326782.9656
103762.2865
127964.038
154649.7968
353527.8682
153955.7284
81501.05106
73161.52038
132665.7159
133152.7271
156918.5658
113272.052
143401.68
74012.06412
180341.0395
102809.4372
202428.3229
273974.4
273974.4
115581.2105
333290.2109
1219946.903
263470.3357
116310.7489
40317.1812
226546.4416
505548
128473.065
167610.0091
309651.1942
150485.0054
115996.1947
218558.7288
112343.1212
171996.2359
208589.8658
84390.39378
143117.7577
1134911.555
243800.3599
37580.50854
346342.5634
1095897.6
547948.8
197870.4
547948.8
288031.896
430030.2182
718128.7596
236051.7768
155716.3129
374850.3064
216373.783
262531.0764
97357.37382
358111.9382
0
272778.48
84612.40002
759265.2547
173292.6132
90020.16
266822.4994
132964.56
145243.125
97755.0444
186191.0996
186518.8089
333282.1113
550197.1024
285163.5091
197175.8966
201109.5765
147124.6877
219894.1909
206024.4
50296.34538
200270.9376
118233
130447.0397
226020.8347
584579.1773
212948.6137
198884.2412
97529.39604
139609.6895
159818.4
68493.6
17793.33264
608140.9757
169121.353
82192.32
116673.1398
442385.2678
59546.70504
342483.9818
711478.4387
103120.92
97848
163841.04
318330.8554
306481.68
341821.4693
234169.29
189435.0598
221353.92
156459.0879
63873
329793.4224
162619.5436
228643.2427
343415.5492
468759.6254
396284.4
830884.6363
327925.4497
183116.4709
105190.1334
225803.0686
619704
131016.814
717552
273974.4
68965.79814
1176196.751
315399.4924
333298.9085
143936.9357
262287.1903
169377.4157
225762.9237
135640.1592
115460.64
335289.8707
199766.9389
203246.8758
265509.2162
391392
326160
103678.8982
391449.2411
319594.7797
391392
360011.4125
231324.9845
479071.6358
397906.7198
209403.7709
220120.6003
306590.4
263646
96731.33688
9115.51968
156556.8
274361.7965
456624
1082641.099
679499.9728
448665.696
500044.6751
418991.1971
317822.6165
41675.99094
180255.0148
54360
46379.952
96241.82508
64658.47482
314744.4
54360
187.59636
392685.7408
71893.43748
135898.641
126281.5416
178844.4
124456.8395
320262.5108
67545.34416
146574.2655
119357.5453
41640.73848
222651.6019
137402.5104
107276.6876
224224.128
535352.3649
90800.3619
163079.9728
136252.4702
310365.0769
178300.8
108715.4881
123774.1322
622965.6
201856.945
196539.7487
331793.653
180080.6008
0
149489.9728
94031.7921
257807.8175
289901.88
99843.33816
87813.60606
76660.67358
95727.96
104327.9294
0
547948.8
821923.2
55208.016
73413.18
229543.4171
259977.2436
126558.4243
70504.92
252367.3328
231044.1336
103048.8658
85913.69688
548577.3375
123757.5796
400273.7717
260161.6871
82007.496
270386.64
264077.1835
141607.039
254663.6351
179576.9554
360080.64
229781.4323
104398.38
127964.038
154649.7968
353527.8682
142966.8
153955.7284
81501.05106
73161.52038
132665.7159
133152.7271
156918.5658
228169.6583
143401.68
290166.287
74012.06412
180341.0395
102809.4372
202428.3229
273974.4
273974.4
115581.2105
333290.2109
1219946.903
263470.3357
116310.7489
263475.7445
43333.18272
226546.4416
505548
128473.065
167610.0091
309651.1942
150485.0054
115996.1947
218558.7288
110779.9994
171996.2359
208589.8658
91078.90254
143117.7577
1134911.555
243800.3599
37700.5626
346342.5634
1095897.6
547948.8
197870.4
547948.8
288031.896
430030.2182
718128.7596
236051.7768
155716.3129
376617.3869
216373.783
519057.9549
262531.0764
97357.37382
358111.9382
0
272778.48
84612.40002
759265.2547
445634.3106
90020.16
266822.4994
132964.56
145243.125
97755.0444
186191.0996
186518.8089
341924.4
551536.56
285365.2662
197175.8966
201109.5765
147124.6877
226297.4184
206024.4
48327.45336
200270.9376
118233
130447.0397
226020.8347
584579.1773
212948.6137
198884.2412
97529.39604
139609.6895
159818.4
68493.6
17793.33264
608140.9757
169121.353
82192.32
116673.1398
442385.2678
59546.70504
342483.9818
712685.3938
103120.92
97848
163841.04
318330.8554
306481.68
341821.4693
234169.29
189435.0598
221353.92
156459.0879
63873
329793.4224
162619.5436
229768.1413
347360.4
471595.5322
396284.4
834426
334981.8398
183116.4709
167190.975
105190.1334
225803.0686
619704
131016.814
717552
273974.4
68965.79814
1176649.298
315399.4924
333298.9085
143936.9357
265593.9906
169377.4157
225762.9237
135640.1592
115460.64
335289.8707
199766.9389
203246.8758
265509.2162
391392
180040.32
326160
103678.8982
395725.6879
323804.3909
391392
360011.4125
231324.9845
479071.6358
401782.2889
209403.7709
284630.4821
220120.6003
306590.4
263646
96731.33688
9115.51968
156556.8
274361.7965
456624
1082641.099
679499.9728
448665.696
500044.6751
418991.1971
317822.6165
41675.99094
180255.0148
392685.7408
126281.5416
178844.4
146574.2655
41640.73848
222651.6019
137402.5104
107276.6876
224224.128
535352.3649
90800.3619
163079.9728
136252.4702
310365.0769
178300.8
108715.4881
123774.1322
622965.6
201856.945
201496.8643
331793.653
90291.96
180080.6008
0
149490
263427.0923
257807.8175
289901.88
99843.33816
87813.60606
76660.67358
95727.96
104327.9294
0
547948.8
821923.2
55208.016
73413.18
229543.4171
259977.2436
126558.4243
70504.92
536542.4956
231044.1336
103048.8658
85913.69688
451121.708
151421.0303
404184.1855
260161.6871
82007.496
270386.64
264077.1835
141607.039
254663.6351
179576.9554
360080.64
229781.4323
104398.38
154649.7968
142966.8
153955.7284
81501.05106
73161.52038
132665.7159
133152.7271
156918.5658
161068.7344
143401.68
290166.287
74012.06412
180341.0395
102809.4372
202428.3229
273974.4
273974.4
115581.2105
333290.2109
1219946.903
263470.3357
143603.3284
263475.7445
43333.18272
226546.4416
505548
128473.065
167610.0091
309651.1942
150485.0054
115996.1947
218558.7288
143943.0784
110779.9994
171996.2359
208589.8658
129448.066
93187.39104
143117.7577
1134911.555
243800.3599
37915.47486
346342.5634
1095897.6
547948.8
197870.4
547948.8
288031.896
430030.2182
718128.7596
236051.7768
118104.4114
155716.3129
376617.3869
216373.783
512436.8525
262531.0764
97357.37382
155895.3475
358111.9382
0
272778.48
84612.40002
759265.2547
445634.3106
90020.16
266822.4994
132964.56
145243.125
97755.0444
186191.0996
186518.8089
341924.4
551536.56
285931.7789
91803.60288
197175.8966
201109.5765
147124.6877
226297.4184
206024.4
48327.45336
211403.8656
200270.9376
118233
130447.0397
226020.8347
584579.1773
212948.6137
198884.2412
97529.39604
118425.4344
139609.6895
121222.8
159818.4
68493.6
17793.33264
608140.9757
169121.353
82192.32
143610.4496
116673.1398
442385.2678
59546.70504
342483.9818
712685.3938
103120.92
97848
163841.04
318330.8554
306481.68
341821.4693
234169.29
189435.0598
221353.92
156459.0879
63873
329793.4224
162619.5436
231733.3369
347360.4
471595.5322
396284.4
834426
334981.8398
183116.4709
167190.975
105190.1334
225803.0686
619704
131016.814
717552
273974.4
68965.79814
1177518.461
315399.4924
333298.9085
143936.9357
265593.9906
169377.4157
225762.9237
135640.1592
115460.64
335289.8707
199766.9389
203246.8758
265509.2162
391392
180040.32
326160
103678.8982
395725.6879
323804.3909
391392
360011.4125
231324.9845
479071.6358
401782.2889
209403.7709
284630.4821
220120.6003
306590.4
263646
96731.33688
9115.51968
156556.8
274361.7965
456624
1082641.099
679499.9728
448665.696
500044.6751
418991.1971
317822.6165
41675.99094
180255.0148
163079.9728
135024.804
306550.391
178300.8
108715.4881
123774.1322
622965.6
201856.945
201496.8643
331793.653
90291.96
180080.6008
0
149490
263427.0923
257632.6968
289901.88
99843.33816
87813.60606
76660.67358
95727.96
158560.9717
104327.9294
0
547948.8
821923.2
55208.016
73413.18
229543.4171
128455.7242
257632.6968
70504.92
534508.4803
231044.1336
103048.8658
85913.69688
451121.708
151421.0303
404184.1855
256222.4897
61677.56268
270386.64
264077.1835
139099.1404
250272.5974
179576.9554
360080.64
229781.4323
101922.0374
151910.8954
142966.8
150669.9653
78807.07818
66536.64
130323.8871
133152.7271
134308.4751
154772.3786
157484.2903
143401.68
290166.287
74012.06412
135900
177483.5789
101274.338
200263.4359
33268.32
273974.4
273974.4
115581.2105
333290.2109
1219946.903
259656.5196
141234.5642
263475.7445
43333.18272
226546.4416
505548
128473.065
167610.0091
309651.1942
150485.0054
115996.1947
218558.7288
154020.0091
131407.9886
171996.2359
208589.8658
127739.5855
136041.9611
92396.56176
140556.9397
1134911.555
238902.6055
37592.2503
346342.5634
1095897.6
547948.8
197870.4
547948.8
288031.896
430030.2182
718128.7596
236051.7768
118104.4114
376617.3869
216373.783
612191.3393
324869.4936
282987.6957
262531.0764
97357.37382
629100.0173
155895.3475
358111.9382
0
272778.48
82347.59934
759265.2547
445634.3106
90020.16
266822.4994
132964.56
145243.125
97755.0444
186191.0996
186518.8089
341924.4
551536.56
285931.7789
96998.24448
197175.8966
201109.5765
147124.6877
226297.4184
206024.4
48327.45336
211403.8656
200270.9376
118233
130447.0397
363871.7064
584579.1773
209328.6182
223599.749
196311.3008
97529.39604
118425.4344
136241.2449
121222.8
159818.4
68493.6
17793.33264
608140.9757
169121.353
82192.32
148479.1486
116673.1398
442385.2678
65232
342483.9818
712685.3938
103120.92
97848
97848
163841.04
318330.8554
1392324.148
306481.68
341821.4693
233784.2309
189435.0598
221353.92
154183.3609
63873
329793.4224
162619.5436
231733.3369
347360.4
404023.4429
471595.5322
396284.4
834426
334981.8398
183116.4709
167190.975
105190.1334
225803.0686
619704
131016.814
717552
273974.4
68965.79814
1177518.461
315399.4924
333298.9085
143936.9357
326499.75
265593.9906
169377.4157
225762.9237
135640.1592
115460.64
335289.8707
199766.9389
203246.8758
265509.2162
391392
180040.32
326160
103678.8982
395725.6879
323804.3909
391392
360011.4125
231324.9845
479071.6358
401782.2889
209403.7709
284630.4821
307818.936
220120.6003
306590.4
263646
96731.33688
9115.51968
156556.8
274361.7965
149321.8373
456624
1082641.099
679499.9728
448665.696
500044.6751
222903.6964
418991.1971
317822.6165
41675.99094
336943.665
65612.52
76660.67358
95727.96
158560.9717
0
547948.8
821923.2
55208.016
73413.18
229543.4171
128455.7242
257632.6968
70504.92
534508.4803
103048.8658
85913.69688
451121.708
151421.0303
404184.1855
256222.4897
61677.56268
270386.64
264077.1835
139099.1404
250272.5974
179576.9554
360080.64
229781.4323
101922.0374
151910.8954
258714.3249
150669.9653
149829.75
78807.07818
66536.64
130323.8871
133152.7271
134308.4751
154772.3786
157484.2903
143401.68
99390.95424
290166.287
74012.06412
135900
194790.0091
101274.338
200263.4359
33268.32
273974.4
273974.4
115581.2105
333290.2109
1219946.903
259656.5196
141234.5642
263475.7445
43333.18272
226546.4416
97398.66024
505548
139495.0714
128473.065
167610.0091
309651.1942
150485.0054
115996.1947
218558.7288
154020.0091
131407.9886
171996.2359
208589.8658
127739.5855
136041.9611
165522.0958
140556.9397
1134911.555
238902.6055
37592.2503
346342.5634
1095897.6
547948.8
197870.4
547948.8
288031.896
430030.2182
718128.7596
236051.7768
118104.4114
376617.3869
216373.783
612191.3393
324869.4936
282987.6957
262531.0764
97357.37382
629100.0173
155895.3475
358111.9382
0
89159.0976
272778.48
82347.59934
759265.2547
445634.3106
90020.16
266822.4994
132964.56
145243.125
97755.0444
186191.0996
186518.8089
341924.4
551536.56
285931.7789
97037.79138
197175.8966
201109.5765
147124.6877
226297.4184
206024.4
48327.45336
211403.8656
200270.9376
99080.55864
118233
130447.0397
363871.7064
584579.1773
209328.6182
223599.749
196311.3008
97529.39604
118425.4344
136241.2449
121222.8
159818.4
68493.6
17793.33264
608140.9757
169121.353
82192.32
8219.232
161707.41
116673.1398
442385.2678
65232
342483.9818
712685.3938
103120.92
97848
97848
163841.04
318330.8554
275131.0721
1392955.648
306481.68
752885.9728
341821.4693
233784.2309
189435.0598
221353.92
154183.3609
60619.77144
329793.4224
162619.5436
231733.3369
347360.4
404023.4429
471595.5322
396284.4
834426
334981.8398
183116.4709
167190.975
105190.1334
225803.0686
619704
131016.814
717552
273974.4
68965.79814
1177518.461
315399.4924
333298.9085
143936.9357
326499.75
625778.0505
169377.4157
225762.9237
135640.1592
115460.64
335289.8707
199766.9389
203246.8758
265509.2162
391392
180040.32
326160
103678.8982
364514.5949
395725.6879
323804.3909
391392
360011.4125
231324.9845
479071.6358
401782.2889
209403.7709
284630.4821
307818.936
220120.6003
306590.4
263646
96731.33688
9115.51968
156556.8
274361.7965
149321.8373
456624
1082641.099
679499.9728
448665.696
500044.6751
222903.6964
418991.1971
317822.6165
41675.99094
336358.2078
151421.0303
428930.1349
256222.4897
61677.56268
270386.64
264077.1835
139099.1404
250272.5974
179576.9554
360080.64
229781.4323
151910.8954
142966.8
150669.9653
149829.75
78807.07818
66536.64
130323.8871
147947.4806
184528.0642
154772.3786
157484.2903
143401.68
99390.95424
290166.287
74012.06412
135900
194790.0091
101274.338
200263.4359
33268.32
273974.4
273974.4
115581.2105
333290.2109
333290.2109
1219946.903
259656.5196
141234.5642
263475.7445
43333.18272
226546.4416
97398.66024
505548
139495.0714
128473.065
167610.0091
309651.1942
150485.0054
115996.1947
218558.7288
154020.0091
131407.9886
171996.2359
208589.8658
127739.5855
136041.9611
104653.872
353688.4476
140556.9397
1134911.555
238902.6055
37592.2503
332752.3459
346342.5634
1095897.6
547948.8
282672
547948.8
140855.7838
1103431.896
430030.2182
718128.7596
236051.7768
178281.3391
118104.4114
509953.6334
84563.47602
216373.783
558637.5253
324869.4936
282987.6957
262531.0764
301158.9662
629100.0173
155895.3475
358111.9382
0
69462.18648
89159.0976
1835628.48
65612.52
82347.59934
160672.7218
759265.2547
445634.3106
90020.16
266822.4994
132964.56
145243.125
97755.0444
186191.0996
186518.8089
341924.4
551536.56
285931.7789
97037.79138
197175.8966
201109.5765
147124.6877
226297.4184
206024.4
48327.45336
211403.8656
200270.9376
99080.55864
97848
118233
130447.0397
92887.5141
363871.7064
584579.1773
209328.6182
182637.6408
116526.096
223599.749
196311.3008
97529.39604
118425.4344
136241.2449
121222.8
159818.4
68493.6
17793.33264
608140.9757
169121.353
82192.32
8219.232
283363.2146
161707.41
116673.1398
442385.2678
103721.3262
65232
342483.9818
712685.3938
103120.92
97848
97848
163841.04
318330.8554
275131.0721
1392955.648
306481.68
578716.56
341821.4693
233784.2309
189435.0598
221353.92
154183.3609
60619.77144
329793.4224
162619.5436
231733.3369
350805.2747
131020.9726
404023.4429
474157.9811
396284.4
834426
334981.8398
183116.4709
167190.975
105190.1334
225803.0686
619704
131016.814
717552
273974.4
68965.79814
1177518.461
315399.4924
333298.9085
143936.9357
326499.75
543803.2249
169377.4157
225762.9237
135640.1592
115460.64
335289.8707
377802
199766.9389
233784.2309
203246.8758
265509.2162
391392
180040.32
326160
128036.6357
459389.9455
103678.8982
364514.5949
395725.6879
323804.3909
391392
360011.4125
231324.9845
479071.6358
405199.44
209403.7709
284630.4821
307818.936
220120.6003
306590.4
263646
96731.33688
9115.51968
156556.8
274361.7965
149321.8373
456624
90020.16
1082641.099
679499.9728
448665.696
500044.6751
222903.6964
418991.1971
317822.6165
41675.99094
336358.2078
342287.8781
129691.0823
184528.0642
154772.3786
157484.2903
273974.4
273974.4
115581.2105
0
205136.9186
505548
120496.7678
128473.065
167610.0091
309651.1942
218558.7288
154020.0091
131407.9886
171996.2359
208589.8658

127739.5855
136041.9611
104653.872
343257.0898
140556.9397
264515.76
134225.7664
332752.3459
346342.5634
547948.8
323985.6
167266.2364
718128.7596
178281.3391
118104.4114
101471.9909
155716.3129
155766.623
501006.9287
83196.86562
107361
215565.8846
558637.5253
324869.4936
282987.6957
262531.0764
301158.9662
0
69462.18648
65612.52
82953.36
160672.7218
445634.3106
79725.13704
90020.16
266822.4994
132964.56
145243.125
97755.0444
186191.0996
186518.8089
341924.4
551536.56
283693.968
97037.79138
197175.8966
141622.0967
147124.6877
114640.5922
226297.4184
206024.4
48327.45336
211403.8656
200270.9376
104376.7175
97848
118233
130447.0397
116406.504
363871.7064
93270.888
209328.6182
182637.6408
142648.9843
116526.096
223599.749
281963.4446
196311.3008
97529.39604
118425.4344
136241.2449
121222.8
108349.9987
68493.6
17793.33264
185467.5137
338173.0708
177295.6292
345487.7252
116673.1398
442385.2678
103721.3262
65232
342483.9818
712685.3938
103120.92
19569.6
97848
97848
163841.04
275131.0721
1432325.361
306481.68
578716.56
341821.4693
233784.2309
189435.0598
221353.92
19569.6
159258.3833
60619.77144
139031.1632
205634.8834
350805.2747
131020.9726
404023.4429
474157.9811
396284.4
834426
147459.9802
334981.8398
166341.6
53454.00906
167190.975
105190.1334
368182.4
132502.5
619704
131016.814
717552
113394.96
341924.4
315399.4924
333298.9085
143936.9357
560995.2
543803.2249
169377.4157
225762.9237
135640.1592
115460.64
377802
133463.9381
199766.9389
233784.2309
130898.88
242771.76
391392
180040.32
326160
128036.6357
459839.3396
192784.9676
103678.8982
364514.5949
395725.6879
323804.3909
391392
360011.4125
231324.9845
405199.44
209403.7709
284630.4821
124274.6791
307818.936
220120.6003
306590.4
263646
96731.33688
265232.2248
156556.8
274361.7965
149321.8373
456624
90020.16
1369872
642959.8603
448665.696
500044.6751
222903.6964
418991.1971
167838.3211
317822.6165
41675.99094
336358.2078
197734.0651
342287.8781
0
127739.5855
140556.9397
332752.3459
547948.8
323985.6
167266.2364
718128.7596
178281.3391
118104.4114
101471.9909
155716.3129
155766.623
501006.9287
77109.06204
35787.00906
215565.8846
558637.5253
324869.4936
282987.6957
262531.0764
301158.9662
218792.3681
0
69462.18648
65612.52
82953.36
160672.7218
445634.3106
79725.13704
90020.16
266822.4994
132964.56
145243.125
97755.0444
186191.0996
71147.0475
186518.8089
341924.4
551536.56
283693.968
97037.79138
197175.8966
475650
147124.6877
114640.5922
226297.4184
150012.1278
206024.4
48327.45336
211403.8656
200270.9376
104376.7175
97848
118233
130447.0397
116406.504
363871.7064
93270.888
209328.6182
182637.6408
142648.9843
116526.096
87250.7898
223599.749
281963.4446
196311.3008
115195.3632
97529.39604
118425.4344
240988.752
121222.8
52718.92596
68493.6
29682.0549
185467.5137
113702.9909
338173.0708
177295.6292
347366.6786
116673.1398
442385.2678
103721.3262
65232
221215.6282
342483.9818
425818.188
103120.92
28978.06572
97848
97848
163841.04
63601.2
158833.3968
275131.0721
266471.6328
306481.68
578716.56
341821.4693
233784.2309
189435.0598
221353.92
19569.6
132366.002
60619.77144
139031.1632
205634.8834
350805.2747
131020.9726
404023.4429
474157.9811
395015.9909
834426
147459.9802
334981.8398
166341.6
53454.00906
167190.975
105190.1334
171574.4023
218425.7371
368182.4
163080
619704
131016.814
717552
113394.96
341924.4
315399.4924
333298.9085
128663.5968
144334.0627
143936.9357
560995.2
543803.2249
169377.4157
225762.9237
135640.1592
115460.64
377802
133463.9381
199766.9389
233784.2309
130898.88
242771.76
391392
180040.32
326160
255206.4197
128036.6357
364669.1948
193456.0418
103678.8982
119000.2914
364514.5949
395725.6879
323804.3909
391392
427631.9909
360011.4125
231324.9845
405199.44
209403.7709
252385.2173
284630.4821
124274.6791
307818.936
220120.6003
256087.0517
306590.4
263646
96731.33688
265232.2248
63558.7992
156556.8
274361.7965
149321.8373
122990.9405
456624
90020.16
1369872
642959.8603
448665.696
500044.6751
222903.6964
418991.1971
167838.3211
317822.6165
412829.926
41675.99094
336358.2078
197734.0651
342287.8781
718128.7596
178281.3391
118104.4114
168853.9018
268429.68
182992.3398
35787.00906
215565.8846
558637.5253
324869.4936
282987.6957
262531.0764
301158.9662
309160.9757
218792.3681
0
65612.52
82953.36
160672.7218
445634.3106
89911.44
79725.13704
90020.16
266822.4994
132964.56
145243.125
97755.0444
186191.0996
71907.408
186518.8089
341924.4
510766.56
283693.968
97037.79138
197175.8966
475650
147124.6877
114640.5922
226297.4184
151402.4935
150012.1278
206024.4
48327.45336
211403.8656
200270.9376
104376.7175
97848
118233
257632.6968
200054.1499
130447.0397
116406.504
363871.7064
121494.6
93270.888
209328.6182
182637.6408
142648.9843
116526.096
93976.209
223599.749
281963.4446
196311.3008
115195.3632
97529.39604
118425.4344
240988.752
121222.8
52718.92596
68493.6
29682.0549
185467.5137
113702.9909
338173.0708
177295.6292
347366.6786
116673.1398
442385.2678
103721.3262
65232
221215.6282
342483.9818
425818.188
103120.92
28978.06572
97848
97848
163841.04
63601.2
158833.3968
275131.0721
266471.6328
395242.7537
306481.68
578716.56
341821.4693
233784.2309
75683.98746
189435.0598
221353.92
19569.6
132366.002
60619.77144
139031.1632
205634.8834
350805.2747
131020.9726
404023.4429
474157.9811
395015.9909
834426
147459.9802
334981.8398
166341.6
53454.00906
167190.975
105190.1334
171574.4023
218425.7371
163080
619704
131016.814
717552
113394.96
341924.4
315399.4924
333298.9085
128663.5968
144334.0627
143936.9357
560995.2
543803.2249
169377.4157
225762.9237
135640.1592
115460.64
377802
133463.9381
199766.9389
233784.2309
130898.88
242771.76
391392
180040.32
326160
255206.4197
128036.6357
381609.8093
193456.0418
103678.8982
118933.2655
364514.5949
395725.6879
323804.3909
391392
360011.4125
231324.9845
405199.44
209403.7709
252385.2173
284630.4821
124274.6791
256087.0517
306590.4
263646
96731.33688
265232.2248
63558.7992
156556.8
343415.5492
274361.7965
149321.8373
122990.9405
456624
90020.16
1369872
824144.7029
448665.696
500044.6751
222903.6964
418991.1971
167838.3211
317822.6165
412829.926
41675.99094
135545.2466
336358.2078
197734.0651
136051.3926
342287.8781
169262.1997
90599.094
394510.1168
262531.0764
309160.9757
218792.3681
82953.36
160672.7218
445634.3106
89911.44
79725.13704
90020.16
266822.4994
132964.56
145243.125
186191.0996
71907.408
186518.8089
15818.76
341924.4
510766.56
283693.968
97037.79138
197175.8966
475650
147124.6877
114640.5922
226297.4184
171794.506
150012.1278
176663.8573
48327.45336
211403.8656
200270.9376
104376.7175
97848
118233
257632.6968
76168.8243
200054.1499
130447.0397
116406.504
363871.7064
121494.6
93270.888
209328.6182
182637.6408
263202.1778
142648.9843
116526.096
93976.209
223599.749
281963.4446
196311.3008
115195.3632
97529.39604
118425.4344
240988.752
121222.8
52718.92596
68493.6
29682.0549
264077.1835
185467.5137
113702.9909
276689.1656
177295.6292
349072.74
116673.1398
442385.2678
103721.3262
65232
221215.6282
342483.9818
425818.188
103120.92
28978.06572
97848
97848
525650.5726
163841.04
63601.2
158833.3968
275131.0721
266471.6328
430192.211
256725.1022
578716.56
341821.4693
233784.2309
91647.18198
189435.0598
221353.92
19569.6
132366.002
60619.77144
139031.1632
205634.8834
350805.2747
131020.9726
404023.4429
474157.9811
395015.9909
834426
147459.9802
334981.8398
166341.6
53454.00906
167190.975
105190.1334
171574.4023
218425.7371
465198.1213
163080
619704
131016.814
717552
113394.96
341924.4
315399.4924
333298.9085
128663.5968
144334.0627
143936.9357
560995.2
122599.1952
424121.4221
169377.4157
199354.2106
225762.9237
135640.1592
115460.64
377802
133463.9381
1191517.302
199766.9389
233784.2309
130898.88
242771.76
391392
254249.7381
180040.32
326160
252366.6533
128036.6357
202476.2956
193456.0418
103678.8982
151544.7536
277466.8126
399471.3094
391392
391392
165176.1488
360011.4125
231324.9845
405199.44
209403.7709
252385.2173
545303.3434
571270.1641
284630.4821
124274.6791
256087.0517
306590.4
82180.14336
263646
114339.1117
265232.2248
63558.7992
156556.8
350805.2747
274361.7965
149321.8373
122990.9405
456624
90020.16
1369872
824144.7029
900266.832
500044.6751
222903.6964
418991.1971
167838.3211
317822.6165
412829.926
41675.99094
202848.8791
336358.2078
197734.0651
137459.3166
342287.8781
385206.3484
169262.1997
82953.36
160672.7218
445634.3106
89911.44
79725.13704
90020.16
266822.4994
132964.56
54360
186191.0996
71907.408
186518.8089
15818.76
341924.4
510766.56
283693.968
97037.79138
197175.8966
475650
147124.6877
114640.5922
226297.4184
171794.506
150012.1278
176663.8573
48327.45336
211403.8656
200270.9376
104376.7175
97848
118233
257632.6968
99696.24
200054.1499
130447.0397
116406.504
363871.7064
121494.6
93270.888
209328.6182
182637.6408
263909.347
142648.9843
116526.096
93976.209
223599.749
281963.4446
196311.3008
115195.3632
97529.39604
118425.4344
240988.752
43140.096
121222.8
164212.4275
68493.6
29682.0549
264077.1835
185467.5137
113702.9909
297456.0989
177295.6292
158200.9454
349072.74
116673.1398
442385.2678
103721.3262
65232
221215.6282
342483.9818
425818.188
103120.92
28978.06572
97848
97848
525650.5726
163841.04
63601.2
158833.3968
275131.0721
266471.6328
429615.0709
256725.1022
235565.0645
578716.56
341821.4693
233784.2309
91647.18198
189435.0598
221353.92
19569.6
132366.002
60619.77144
139031.1632
205634.8834
350805.2747
131020.9726
404023.4429
410422.5662
395015.9909
834426
147459.9802
334981.8398
166341.6
53454.00906
167190.975
105190.1334
171574.4023
59002.344
218425.7371
465198.1213
163080
619704
131016.814
717552
113394.96
341924.4
315399.4924
333298.9085
128663.5968
144334.0627
143936.9357
560995.2
122599.1952
424121.4221
169377.4157
198989.9442
225762.9237
135640.1592
115460.64
315075.2621
377802
133463.9381
1291593.6
199766.9389
233784.2309
130898.88
242771.76
391392
259334.8987
180040.32
326160
252366.6533
128036.6357
202476.2956
193456.0418
103678.8982
145739.16
277466.8126
399471.3094
391392
391392
165176.1488
360011.4125
231324.9845
237769.9061
405199.44
209403.7709
252385.2173
610220.4088
284630.4821
124274.6791
256087.0517
306590.4
32278.04388
263646
114339.1117
265232.2248
63558.7992
156556.8
210404.7288
350805.2747
274361.7965
149321.8373
122990.9405
456624
90020.16
1369872
824144.7029
409106.1029
500044.6751
222903.6964
418991.1971
167838.3211
317822.6165
412829.926
41675.99094
183272.2938
336358.2078
197734.0651
137459.3166
342287.8781
382729.2719
169262.1997
89911.44
266822.4994
186518.8089
53870.76
341924.4
510766.56
283693.968
97037.79138
197175.8966
475650
147124.6877
114640.5922
226297.4184
171794.506
216350.1907
176663.8573
48327.45336
211403.8656
200270.9376
104376.7175
97848
118233
257632.6968
99696.24
200054.1499
130447.0397
116406.504
363871.7064
121494.6
93270.888
209328.6182
47934.648
182637.6408
263909.347
142648.9843
116526.096
93976.209
223599.749
281963.4446
196311.3008
115195.3632
97529.39604
19026
118425.4344
240988.752
43140.096
121222.8
155042.0314
164212.4275
68493.6
29682.0549
264077.1835
185467.5137
113702.9909
103198.3286
297456.0989
177295.6292
143394.9665
349072.74
116673.1398
442385.2678
103721.3262
65232
221215.6282
342483.9818
425818.188
103120.92
28978.06572
97848
97848
587849.04
163841.04
63601.2
158833.3968
275131.0721
266471.6328
429615.0709
256725.1022
578716.56
341821.4693
233784.2309
91647.18198
189435.0598
221353.92
19569.6
60619.77144
139031.1632
205634.8834
350805.2747
131020.9726
404023.4429
410422.5662
395015.9909
834426
100348.9133
334981.8398
166341.6
53454.00906
190441.2091
105190.1334
171574.4023
59002.344
218425.7371
465198.1213
163080
619704
131016.814
717552
113394.96
341924.4
315399.4924
333298.9085
128663.5968
144334.0627
143936.9357
376893.3454
122599.1952
424121.4221
169377.4157
198989.9442
225762.9237
135640.1592
115460.64
187848.5632
377802
133463.9381
1291593.6
199766.9389
233784.2309
130898.88
111487.9025
164162.4979
242771.76
391392
253286.8594
326160
249716.7936
202476.2956
193456.0418
103678.8982
145739.16
277466.8126
399471.3094
391392
391392
165176.1488
360011.4125
231324.9845
237769.9061
405199.44
209403.7709
252385.2173
610220.4088
187530.1223
284630.4821
124274.6791
256087.0517
306590.4
5707.8
263646
118630.7249
108599.2393
265232.2248
63558.7992
156556.8
213833.6761
350805.2747
274361.7965
149321.8373
122990.9405
456624
1369872
824144.7029
409106.1029
500044.6751
222903.6964
189642.9596
418991.1971
167838.3211
317822.6165
412829.926
41675.99094
183272.2938
388269.5616
281527.5317
103770.7123
197734.0651
137459.3166
342287.8781
149181.7244
390042.7576
169262.1997
283693.968
97037.79138
197175.8966
147124.6877
114640.5922
226297.4184
171794.506
216350.1907
176663.8573
48327.45336
211403.8656
200270.9376
104376.7175
97848
118233
257632.6968
200054.1499
176670
116406.504
385615.7064
32616
121494.6
93270.888
209328.6182
47934.648
391304.3717
182637.6408
263491.6176
89694
142648.9843
116526.096
93976.209
231030
281963.4446
196311.3008
115195.3632
97529.39604
19026
118425.4344
240988.752
43140.096
121222.8
228855.6
164212.4275
171441.4106
205480.8
68493.6
29682.0549
264077.1835
185467.5137
41676.28992
103198.3286
165645.792
297456.0989
177295.6292
143394.9665
349072.74
118920.4366
442385.2678
139465.1734
103721.3262
65232
221215.6282
342483.9818
425818.188
130300.92
28978.06572
97848
97848
889873.2
186719.3429
100942.5245
63601.2
158833.3968
275131.0721
266471.6328
358983.1388
161086.8091
236096.352
256725.1022
163080
341821.4693
233784.2309
112083.1173
91647.18198
189435.0598
529705.584
6262.272
60619.77144
107492.1163
196887.8702
461944.0229
131020.9726
404023.4429
368923.1909
395015.9909
959207.5589
100348.9133
276705.4464
99829.88406
106908.0181
113402.4889
53454.00906
190441.2091
105190.1334
171574.4023
59002.344
218425.7371
76962.42594
465198.1213
587088
619704
131016.814
717552
102378.0091
753791.9909
315399.4924
333298.9085
128663.5968
144334.0627
143936.9357
78854.616
817066.134
122599.1952
424121.4221
169377.4157
138623.0283
225762.9237
135640.1592
115460.64
187848.5632
52185.6
133463.9381
1291593.6
264677.9159
233784.2309
116109.7528
111487.9025
164162.4979
175535.0176
391392
260188.4594
326160
266524.661
202476.2956
193456.0418
103678.8982
136721.2981
277466.8126
401720.4
391392
583400.2991
391392
169698.0038
360011.4125
231324.9845
237769.9061
339268.0714
270188.3891
209403.7709
252385.2173
108810.0202
610220.4088
187530.1223
652320
284630.4821
124274.6791
140841.6773
376921.7213
348860.0021
256087.0517
306590.4
221063.9909
5707.8
244620
118630.7249
156021.1637
265232.2248
63558.7992
156556.8
161464.2849
297167.9909
274361.7965
149321.8373
122990.9405
456624
1369872
139759.9949
824144.7029
409106.1029
500044.6751
222903.6964
189642.9596
418991.1971
167838.3211
317822.6165
412829.926
383035.0469
183272.2938
388269.5616
281527.5317
103770.7123
572570.8358
197734.0651
137459.3166
342287.8781
149181.7244
390042.7576
169262.1997
51990.12144
184223.8656
104376.7175
97848
200054.1499
176670
116406.504
385615.7064
32616
121494.6
93270.888
209328.6182
47934.648
391304.3717
182637.6408
263491.6176
89694
142648.9843
116526.096
93976.209
231030
281963.4446
196311.3008
115195.3632
97529.39604
19026
118425.4344
240988.752
43140.096
121222.8
228855.6
164212.4275
175887.0257
205480.8
68493.6
29682.0549
264077.1835
185467.5137
41676.28992
103198.3286
165645.792
297456.0989
177295.6292
143394.9665
349072.74
118920.4366
442385.2678
112240.5167
138843.2407
169128.311
103721.3262
65232
221215.6282
342483.9818
425818.188
130300.92
28978.06572
97848
97848
198414
186719.3429
100942.5245
63601.2
158833.3968
275131.0721
266471.6328
358983.1388
161086.8091
236096.352
256725.1022
163080
341821.4693
233784.2309
112083.1173
91647.18198
362062.9589
95891.04
6262.272
60619.77144
107492.1163
196887.8702
461944.0229
131020.9726
404023.4429
368923.1909
395015.9909
959207.5589
100348.9133
276705.4464
99829.88406
106908.0181
113402.4889
53454.00906
190441.2091
105190.1334
171574.4023
59002.344
218425.7371
75620.68524
465198.1213
587088
619704
131016.814
717552
102378.0091
753791.9909
333298.9085
128663.5968
127103.8181
143936.9357
78854.616
817066.134
122599.1952
174893.2162
424121.4221
169377.4157
138623.0283
225762.9237
135640.1592
115460.64
244620
187848.5632
52185.6
133463.9381
165624.048
1584811.44
1291593.6
264677.9159
233784.2309
116109.7528
111487.9025
164162.4979
175535.0176
391392
260188.4594
326160
369491.2529
202476.2956
193456.0418
103678.8982
136721.2981
277466.8126
401720.4
391392
631404.99
391392
169698.0038
325782.6872
360011.4125
231324.9845
237769.9061
339268.0714
270188.3891
209403.7709
252385.2173
610220.4088
187530.1223
652320
284630.4821
124274.6791
140841.6773
400910.0827
348860.0021
256087.0517
306590.4
221063.9909
5707.8
244620
118630.7249
156021.1637
265232.2248
63558.7992
156556.8
161464.2849
297167.9909
274361.7965
149321.8373
122990.9405
456624
222844.6343
824144.7029
409106.1029
500044.6751
222903.6964
189642.9596
418991.1971
167838.3211
317822.6165
412829.926
383035.0469
619815.438
388269.5616
281527.5317
132585.1544
572570.8358
197734.0651
235338.2203
342287.8781
291782.736
212583.8309
390042.7576
169262.1997
32616
209328.6182
391304.3717
182637.6408
89694
142648.9843
116526.096
93976.209
231030
281963.4446
273430.8
115195.3632
97529.39604
118425.4344
240988.752
43140.096
121222.8
228855.6
164212.4275
175887.0257
205480.8
68493.6
29682.0549
264077.1835
185467.5137
41676.28992
103198.3286
165645.792
297456.0989
130419.3161
177295.6292
143394.9665
349072.74
118920.4366
442385.2678
19026
112240.5167
199863.5909
169128.311
103721.3262
65232
221215.6282
342483.9818
425818.188
28978.06572
97848
97848
198414
186719.3429
100942.5245
63601.2
158833.3968
275131.0721
358983.1388
161086.8091
236096.352
256725.1022
163080
341821.4693
233784.2309
112083.1173
91647.18198
362062.9589
95891.04
6262.272
60619.77144
107492.1163
196887.8702
81047.14506
461944.0229
267459.8976
131020.9726
404023.4429
368923.1909
395015.9909
959207.5589
100348.9133
276705.4464
99829.88406
106908.0181
488205.3389
53454.00906
134396.7557
190441.2091
105190.1334
59002.344
218425.7371
75620.68524
465198.1213
672251.9909
587088
619704
131016.814
717552
102378.0091
753791.9909
333298.9085
128663.5968
127103.8181
143936.9357
817066.134
122599.1952
170690.2097
424121.4221
169377.4157
422698.7394
138623.0283
379952.1283
1487473.364
135640.1592
115460.64
244620
135900
229851.4208
187848.5632
52185.6
133463.9381
239117.3818
1584811.44
831708
264677.9159
233784.2309
116109.7528
111487.9025
164162.4979
175535.0176
391392
260188.4594
326160
369491.2529
93338.1585
341920.0512
393171.7736
193456.0418
103678.8982
136721.2981
277466.8126
401720.4
391392
631404.99
391392
169698.0038
349067.3855
360011.4125
231324.9845
237769.9061
339268.0714
270188.3891
209403.7709
252385.2173
132417.3451
187530.1223
652320
140841.6773
94503.85434
400910.0827
191341.0301
348860.0021
256087.0517
306590.4
221063.9909
5707.8
244620
118630.7249
156021.1637
265232.2248
156556.8
172321.798
297167.9909
274361.7965
114412.2259
149321.8373
122990.9405
456624
489240
221624.959
824144.7029
409106.1029
500044.6751
222903.6964
189642.9596
418991.1971
167838.3211










293426.9901
113793.5547






















19025.97282




181580.4747

223689.2256


























50782.73148












131107.5137











125952.2015































326160











167876.6449











3261600

































166566.2971









473199.3425

























































206054.1077






















99350.56476

44094.60324

























260696.0731



































231330.8826













691200.2018



































181947.3775














348860.0021






















100448.066






































101247.7831

























82808.40906








506502.0995
















171882.8681

125826.3853








131944.2228










484789.9545








































































247523.0958













55606.66506





































163823.4817




















160642.8509

195265.8765




































76864.44204





140502.4709
































































213924.7291








120616.4957




































152756.3021














176839.9565







94593.57552























95287.58964
95287.58964
53454.00906
360138.316
95907.56544
199242.0931
43669.20906
226024.6943
165529.2985
293572.9467
102792.3138
153072.2153
177930.554
67025.88
82417.01706
29897.94564
87985.54674
234766.3531
433067.9909
206647.7189
334277.307
165928.5184
116903.2729
227848.1189
224617.8303







242558.5057


164488.6035






222816.2855




21969.594






































235463.7375

































146996.6971

160303.6445
81438.53706

151187.4725















172515.0749





1102048.026





91419.03306







166841.1412


177324.3041





















239333.4085










0















100127.5051































159879.6365












102378.0091



















178663.1909






































































































































