24016
92868
23298
76104


5401

51101
60611
78861
27835
34102
29425
10701
2908
68506
90033
46176
36617

8837
85008
75246

30720
41017
30303

64108
22903
86409
77954
81611
94533
11570
10940
29506
21801
51537
40223
30720
8053
98004
43402
54956
97467
46703
68198
49503
76104
61602
61801
19020
38401

76011
45219
2138
32714
77030
80112
29646
91010
30912
37403
32256
92354
98405
7960
84132
32256
98405

2215
78229
10456
72202
80021
7450
98274
8822
43202

98683
97504
94143
48912
45429
66160
30066
37067
91786
65802
19087
14203
94598
30117
19406

92868
19104

33901
72601
64506
38105

33309
76011
38801
94305
14642
96813
29303
37232
37920
34239
6106
12208
5701
39216
10017
99669
65301
79601
75203
85008
17822
62781
83712
84111
45237
91405
81505
36607
90027
46952

11201
2740
59715
75235
7103
33136
19901
40536
93906
78411
17403
35242
55805
33606
38104
35801
32610
29169
92324
3598
39216
33759
98405
85016
27710
44195
51101
60611
27835
34102
29425
10701
2908
36617

8837
85008
75246

30720
41017
30303

64108
22903
86409
77954
81611
94533
11570
10940
29506
21801
51537
40223
30720
8053
98004
43402
54956
97467
46703
68198
49503
76104
61602
61801
19020
38401

76011
45219
2138
32714
77030
80112
29646
91010
30912
37403
32256
92354
98405
7960
70806
84132
32256
98405

2215
78229
10456
72202
80021
7450
98274
8822
43202

98683
97504
94143
48912
45429
66160
38104
30066
37067
91786
65802
19087
14203
94598
30117
19406

92868
19104
94602

33901
72601
64506
38105

48202
85712
33309
76011
38801
40223
14642
96813
29303
37232
37920
34239
6106
12208
5701
39216
10017
99669
65301
79601
75203
85008
17822
62781
83712
84111
45237
91405
81505
36607
90027
46952

11201
2740
59715
75235
19406
33487
32806
7103
33136
19901
40536
93906
78411
40202
17403
35242
55805
30329
10017
33606
38104
35801
32610
29169
92324
3598
39216
33759

98405
85016
27710
44195
63141
30720
29506
21801
51537
30720
8053
98004
43402
54956
97467
68198
61801
38401

45219
32714
80112
29646
30912
37403
32256
98405
7960
70806
84132
32256
98405

97504
45429
38104
30066
91786
14203
94598
30117
10065
19406

92868
19104
94602

72601
64506
38105
48202
85712
33309
1201
76011
38801
40223
55415
14642
96813
29303
37920
6106
5701
39216
10017
65301
79601
75203
85008
17822
62781
83712
84111
45237
91405
81505
90027

11201
2740
19406
32806
7103
33136
19901
40536
78411
55805

10017
38104
35801
32610
29169
22903
92324
7030
3598
39216
33759
28203

98405
85016
63141
98004
43402
54956
97467
61801
38401

45219
32714
80112
98405
84132
98405
45219
19087

97504
45429
38104
93306
91786
55407
14203
45750
30117
31701
10065
19406

92868
19104
94602

72601
64506
38105
48202
85712
33309
1201
76011
48503
38801
40223
55415
14642
96813
76104
41017
29303
37920
6106
5701
39216
10017
65301
79601
75203
85008
17822
62781
83712
84111
45237
91405
81505
90027

11201
2740
57105
19406
7103
33136
19901
30342

8053
8053
78411

55805
10017
38104
35801
32610
92324
7030
3598
33759
32207
30117

98405
85016
90027
90027
63141
45219
80112
98405
98405
45219
19087
45429
38104
93306
91786
15213
68845
3102
29646
14203
45750
30117
31701
10065
19406

92868
19104
94602

72601
64506
38105
48202
85712
33309
1201
76011
48503
38801

40223
55415
14642
96813
76104
37920
60901
6106
5701
39216
10017
77030
65301
79601
15801
75203

85008
17822
3833
10004
62781
61801
83712
84111
45237
91405
45404
70634
81505

90027
46131

11201
2740
71603
73112
57105
14301
19406
21044
7103
21215
33136
19901
30342
8837
8053
57108
78411
28054
60611
8234
55805
48602
10017
11219
38104
68701
35801
32610
22903
92324
7030
3598
75201
61602
28401
33759
15213
63141

98405
42303
85016
40202
29601
90027
14617
44310
30309
30322
35233
23502
70163
63141
45219
19087
45429
38104
93306
91786
2115
68845
3102
29646
14203
54449
45750
30117
31701
10065

92868
19104
94602

72601
64506
38105
28602
48202
85712
33309
1201
76011
48503
38801

40223
55415
14642
96813
82716
96816
92227
76104
37920
60901
60621
6106
5701
83467
39216
10017
77030
57108
65301
79601
15801
86409
98034
75203
27610
85008
17822
3833
62781
49007
83712
6106
84111
45237
91405
45404
70634
81505

90027
46131

11201
2740
57105
19406
21044
7103
21215
33136
19901
30342
10461
8053
68502
57108
78411
17602
19104
60611
17403
8234
55805
48602
10017
38104
22601
60606
17033
35801
32610
92324
7030
3598
75201
61602
40505
33759

31602

12866
98405
85016
90027
14617
44310
60515
11570
4412
44106
63141
61602
78229
10456
72202
80021
7450
98274
8822
43202

98683
94143
48912
66160
38104
93306
30066
37067
91761
91786
55407
65802
2115
15213
68845
3102
19087
29646
21801
14203
54449
45750
94598
30117
31701
10065

92868
19104
29601
94602

33901
72601
64506
38105

28602
48202
85712
33309
1201
68198
76011
75038
48503
38801
60555

40223
55415
14642
96813
82716
96816
92227
76104
41017
29303
37232
37920
34239
60901
60621
6106
12208
5701
83467
39216
10017
77030
99669
65201
57108
65301
79601
15801
86409
98034
75203

27610
85008
17822
3833
10004
62781
49007
55407
61801
83712
6106
84111
45237
91405
45404
97330
70634
81505

36607
90027
46952
46131

11201
2740
71603
73112
57105
81101
59715
75235
14301
19406
33487
21044
32806
7103
21215
33136
19901
30342
10461

40536
2905
8837
93906
98362
8053
68502
38120
57108
78411

17602
19104
28054
40202
60611
17403
35242
55805


30329
48602
10017
55404
75254
33606
11219
38104
68701
22601
60606
17033
35801
32610
22903
29169
22903
1803
96720
92324
7030
2215
2215
3598
75201
61602
39216
40505
28401
33759
32207
15213
63141
28203

90048
30117
31602

12866
98405
42303
85016
93105
27710
44195
40202
29601
90027
14617
44310
30309
30322
75246
35233
60515
11570
98057
4412
23502
70163
44106
63141
61602
38120
37067
91761

91786
55407
65802
2115
15213
68845
3102
19087
29646
25550
21801
14203
54449

92868
19104
29601
94602

33901
72601
64506
38105

28602
48202
85712
33309
1201
68198
76011
75038
48503
38801
60555

40223
55415
14642
96813
82716
96816
92227
76104
41017
29303
37232
37920
34239
60901
60621
6106
12208
5701
83467
39216
10017
77030
35233
99669
65201
57108
65301
79601
75246
15801
86409
98034
75203

27610
85008
17822
3833
10004
1581
38401
62781
21742
49007
55407
61801
83712
6106
84111
45237
91405
45404
97330
70634
14760
81505

36607
2138
94904
90027
46952
46131

11201
2740
71603
73112
57105
81101
59715
75235
14301
19406
33487
21044
32806
7103
21215
33136
19901
30342
10461

40536
2905
8837
93906
98362
8053
68502
38120
57108
98195
78411

17602
19104
28054
40202
60611
17403

35242
55805


98368
30329
48602
10017
55404
75254
33606
11219
38104
68701
22601
60606
63134
63134
17033
35801
32610
19958
22903
29169
22903
1803
90505
96720
92324
75218
7030
2215
3598
75201
61602
39216
40505
28401
33759
32207
15213
63141
10467
28203

90048
30117
31602
12866
98405
42303
85016
93105
27710
44195
40202
29601
90027
14617
44310
92103
30309
30322
75246
95661
35233
60515
11570
98057
4412
8360
18103
75201
23502
77030
70163
44106
63141
61602
70121
38120
37067
91761

91786
55407
65802
2115
15213
68845
3102
19087
29646
25550
21801
14203
54449
68198
76011
75038
48503
38801
60555

40223
55415
14642
96813
82716
96816
92227
76104
41017
29303
37232
37920
34239
60901
60621
6106
12208
5701
83467
39216
10017
77030
35233
99669
65201
57108
65301
79601
75246
15801
93436
86409
98034
75203

27610
85008
17822
29601
3833
10004
1581
38401
62781
21742
49007
55407
61801
46202
83712
6106
84111
45237
91405
45404
97330
70634
14760
81505

36607
2138
94904
90027
46952
46131
48670
97330

11201
2740
71603
73112
19611
57105
81101
59715
75235
14301
19406
33487
21044
12010
32806
7103
21215
33136
19901
30342
10461

40536
2905
78229
8837
93906
98362
78539
8053
68502
38120
77701
57108
98195
78411

73120
17602
19104
28054
40202
60611
17403

32955
35242
55805


98368
30329
48602
10017
55404
75254
33606
11219
38104
68701
22601
60606
63134
17033
35801
32610
33136
19958
22903
29169
22903
1803
90505
67124
96720
92324
75218
60612
7030
2215
3598
75201
61602
15222
39216
40505
28401
33759
32207
15213
63141
10467
28203

90048
30117
31602
12866
98405
42303
85016
93105
27710
44195
40202
29601
90027
14617
44310
92103
30309
30322
75246
95661
35233
60515
11570
98057
4412
8360
18103
75201
23502
77030
70163
44106
63141
61602
70121
38120
91761

91786
55407
65802
92123
2115
15213
68845
3102
19087
29646
25550
21801
14203
29303
37232
37920
34239
60901
60621
6106
12208
5701
83467
39216
10017
77030
35233
99669
65201
57108
65301
79601
75246
15801
93436
86409
98034
75203

27610
85008
17822
29601
24016
3833
10004
1581
38401
62781
21742
49007
55407
61801
46202
37027
83712
6106
84111
45237
91405
45404
97330
70634
14760
81505

36607
2138
94904
90027
46952
46131
48670
97330

11201
2740
71603
73112
19611
57105
81101
59715
75235
14301
19406
33487
21044
12010
32806
7103
21215
33136
19901
30342
10461
92123


40536
2905
78229
8837
93906
2115
98362
78539
8053
68502
38120
77701
57108
98195
15009
78411

73120
17602
19104
28054
40202
60611
17403

32955
35242
55805


98368
30329
48602
10017
38401
21204
55404
75254
33606
11219
38104
68701
22601
60606
63134
17033
35801
32610
33136
19958
22903
29169
22903
1803
90505
92324
75218
7030
2215
3598
75201
61602
15222
17822
39216
40505
28401
33759
32207
15213
63141
10467
28203

93636
90048
30117
31602

12866
98405
78411
42303
75038
85016
93105
27710
6810
44195
75390
40202
29601
90027
14617
44310
92103
30309
30322
75246
95661
35233
60515
11570
98057
4412
8360
24016
18103
94143
75201
23502
77030
70163
44106
63141
61602
70121
38120
91761

91786
55407
65802
92123
2115
15213
68845
3102
19087
29646
25550
21801
5701
83467
77030
35233
99669
65201
57108
65301
79601
75246
15801
93436
86409
98034
75203

27610
85008
17822
29601
24016
3833
10004
1581
38401
62781
21742
49007
55407
61801
46202
37027
83712
6106
84111
45237
91405
45404
97330
70634
14760
81505

36607
2138
48109
94904
90027

46952
46131
48670
97330

11201
2740
71603
61801
73112
19611
57105
81101

59715
75235
14301
19406
33487
21044
40202
12010
32806
7103
21215
70403
33136
19901
30342
10461
92123

40351

40536
2905
78229
8837
93906
2115
98362
78539
8053
68502
38120
77701
57108
98195
15009
78411

36867
73120
17602
85012
19104
28054
40202
60611
17403

32955
35242
55805


98368
30329
48602
10017
38401
21204
55404
75254
33606
11219
38104
68701
22601
60606
63134
17033
35801
49801

32610
33136
19958
22903
29169
22903
1803
90505
92324
30912
38801
75218
14621
27262
10035
5819
7030
6053
2135
15243
11237
27157
75201
39202
37920
37027

10701
61602
15222
17822
39216
13502
40505
28401
33759
50325
32207
15213
63141
10467
28203

93636
85012
90048
30117
31602

12866
96813
98195
98405
34102
37922
78411
42303
75038
85016
35242
47710
93105
27710
6810
44195
75390
40202
29601
90027
14617
44310
92103
30309
30322
75246
95661
35233
60515
37232
63132
11570
98057
4412
8360
24016
18103
94143
63132

62269
75201
60153
23502
77030
43082
45804
70163
44106
63141
61602
70121
38120
43205
43604
5401
68845
3102
19087
29646
25550
21801
35233
99669
65201
60611
57108
65301
79601
75246
15801
93436
86409
98034
75203

27610
85008
17822
29601
24016
3833
10004
1581
38401
62781
21742
49007
55407
61801
46202
37027
83712
6106
84111
45237
91405
45404
97330
70634
14760
81505

36607
2138
48109
94904
90027

46952
46131
48670
97330

11201
2740
71603
61801
73112
19611
57105
81101

59715
75235
14301
19406

33487
21044
40202
12010
32806
7103
21215
70403
33136
19901
30342
10461
674
92123

40351
55805

40536
2905
78229
8837
93906
2115
98362
78539
8053
38120
77701
57108
98195
15009
78411

36867
6103
73120
17602
85012
19104
28054
40202
17403

32955
44857
8234
35242
55805


98368
30329
48602
60612

10017
38401
36607
36607
21204
55404
75254
33606
11219
38104
68701
22601
60606
63134
17033
35801
49801

32610
33136
19958
22903
29169
22903
1803
55805
90505
55422
92324
38801
75218
7030
75201
39202
37920
37027

10701
61602
15222
17822
39216
13502
44308
40505
28401
33759
50325
32207
15213
63141
10467
28203
43614

93636
85012
90048
30117
31602

12866
96813
98195
98405
34102
37922
78411
42303
75038
85016
35242
47710
48073
93105
27710
6810
60515
44195
75390
40202
29601
90027
14617
44310
92103
30309
30322
75246
95661
35233
50266
60515
37232
63132
11570
98057
4412
8360
24016
1742
18103
94143
63132

62269
75201
60153
65212
23502
77030
43082
45804
70163
44106
63141
61602
70121
38120
43205
43604
5401
60611
75246
15801
93436
86409
98034
75203

27610
85008
17822
29601
24016
3833
10004
1581
38401
62781
21742
49007
55454
55407
61801
46202
37027
83712

6106
84111
45237
91405
45404
97330
70634
14760
81505

36607
2138
48109
94904
90027

46952
46131
48670
97330

11201
2740
71603
61801
73112
19611
57105
81101

59715
75235
14301
19406

33487
21044
40202
12010
32806
7103
21215
70403
33136
19901
30342
10461
674
92123

55805

40536
76903
2905
78229
8837
93906
2115
98362
78539
63134
8053
38120
77701
57108
1440
98195
15009
78411

36867
6103
37804
82001
82001
73120
17602
85012
92868
19104
28054
40202
17403

32955
44857
8234
35242
55805


98368
30329
48602
70634
60612
17055

10017
38401
36607
21204
55404
75254
33606
11219
60606
38104
68701
22601
60606
63134

21202
17033
35801
49801

32610
33136
19958
22903
29169
79601
22903
1803
55805
90505
55422
92324
38801
75218
7030
75201
2190
35150
39202
37920
37027

80303
10701
61602
48439
15222
60606
17822
39216
13502
44308
40505
28401
33759
50325
32207
15213
63141
10467
28203
43614

93636
85012
90048
30117
31602

12866
96813
98195
98405
34102
37922
78411
42303
75038
85016

35242
47710
48073
93105
27710
6810
60515
44195
75390
40202
29601
90027
14617
44310
92103
92868
30309
30322
48439
75246
95661
35233
50266
60515
37232
63132
11570
98057
4412
8360
24016
1742
18103
94143
63132

62269
75201
26506
60153
37027
33146
65212
23502
77030
43082
45804
70163
2190
44106
60606
63141
61602
70121
38120
43205
43604
5401
38401
62781
21742
49007
55454
55407
61801
46202
37027
83712

6106
84111
45237
91405
45404
97330
70634
14760
81505

36607
2138
48109
94904
90027

46952
46131
48670
97330

11201
2740
71603
61801
52245
73112
19611
57105
81101

59715
75235
14301
19406

33487
25301
21044
40202
12010
32806
7103
21215
70403
33136
19901
30342
10461
674
92123



55805

40536
76903
2905
78229
8837
93906
2115
98362
84111
78539
63134
8053
77701
57108
1440
98195
15009
78411

36867
6103
37804
82001
73120
17602
85012
92868
19104
28054
40202
17403

32955
44857
8234
35242
55805


98368
30329
48602
70634
60612
17055

10017
38401
36607
21204
55404
75254
33606
11219
60606
38104
68701
22601
60606
63134

21202
17033
35801
11570
49801
6457

32610
33136
19958
22903
29169
29169
79601
22903
1803
55805
90505
55422
92324
38801
75218
7503
75201
2190
35150
39202
37920
37027

80303
11213
10701
61602
48439
15222
60606
17822
39216
13502
44308
40505
28401
33759
50325
32207
15213
63141
10467
28203
6810
43614

93636
85012
90048
30117
31602

12866
96813
98195
98405

34102
37922
78411
42303
75038
85016

35242
47710
48073
93105
27710
43210
6810
60515
44195
75390
40202
29601
90027
14617
44310
92103
92868
30309
30322
48439
75246
95661
35233
50266
60515
37232
63132
11570
98057
4412
8360
24016
1742
18103
94143
63132

62269
75201
26506
60153
37027
33146
65212
23502
77030
43082
45804
70163
2190
44106
60606
63141
61602
70121
38120
43205
43604
5401
37027
83712

45237
91405
45404
97330
70634
14760
81505

36607
2138
48109
94904
90027

46952
46131
48670
97330

11201
2740
71603
61801
52245
73112
19611
57105
81101

59715
75235
14301
19406

33487
25301
21044
40202
12010
32806
7103
97216
27610
21215
70403
33136
19901
30342
10461
674
92123


55805

40536
76903
2905
78229
8837
93906
2115
98362
8822
84111
78539
63134
8053
77701
57108
1440
98195
94612
15009
78411

36867
6103
37804
82001
73120
17602
85012
92868
19104
28054
40202
17403

32955
44857
8234
35242
55805


98368
30329
48602
70634
60612
17055

10017
38401
36607
21204
55404
75254
33606
11219
60606
38104
68701
22601
60606
63134

21202
17033
35801
11570
49801
6457

32610
33136
19958
22903
29169
29169
79601
22903
1803
55805
90505
55422
92324
38801
75218
11554
7503
75201
2190
35150
39202
37920
37027

80303
11213
10701
61602
48439
15222
60606
17822
39216
13502
44308
40505
28401
33759
50325
32207
15213
63141
10467
28203
6810
43614

85012
90048
30117
31602

12866
96813
72205
98195
98405

34102
37922
78411
42303
75038
85016

35242
47710
48073
93105
27710
60612
43210
6810
60515
44195
75390
40202
29601
90027
14617
44310
92103
92868
30066
30309
30322
48439
75246
95661
35233
50266
60515
37232
63132
11570
98057
4412
8360
24016
1742
18103
94143
63132

62269
75201
26506
60153
37027
33146
65212
23502
77030
43082
45804
70163
2190
44106
60606
63141
61602
70121
38120
43205
43604
5401
2138
48109
94904
90027

46952
46131
48670
97330

11201
2740
71603
61801
52245
73112
19611
57105
81101

59715
75235
14301
19406

33487
25301
21044
40202
12010
32806
7103
14617
97216
27610
21215
70403
33136
19901
30342
10461
674
92123


55805

40536
76903
2905
78229
8837
93906
2115
29440
98362
8822
84111
78539
63134
8053
77701
57108
1440
98195
94612
15009
78411

36867
6103
37804
82001
73120
17602

85012
92868
19104
28054
40202
17403

32955
44857
8234
35242
55805


98368
30329
48602
70634
60612
17055

10017
38401
36607
21204
55404
75254
33606
11219
60606
38104
68701
22601
60606
63134

21202
17033
35801
11570
49801
6457

32610
33136
19958
22903
29169
29169
79601
22903
1803
55805
90505
55422
92324
38801
7503
75201
2190
35150
39202
37920
37027

80303
11213
10701
61602
48439
15222
60606
17822
39216
13502
44308
40505
28401
33759
50325
32207
15213
63141
10467
28203
6810
43614

93636
85012
90048
30117
31602

12866
96813
72205
98195
98405

34102
90033
37922
78411
42303
75038
85016

35242
47710
48073
93105
27710
60612
43210
6810
60515
44195
75390
40202
29601
90027
14617
44310
92103
92868
30066
30309
30322
48439
75246
95661
35233
50266
60515
37232
63132
11570
98057
4412
8360
24016
1742
18103
94143
63132

62269
75201
26506
60153
37027
33146
65212
23502
77030
43082
45804
70163
2190
44106
60606
63141
61602
70121
38120
43205
43604
5401

59715
75235
14301
19406

33487
25301
21044
40202
12010
32806
7103
14617
97216
27610
21215
70403
33136
19901
30342
10461
92123


55805

40536
76903
2905
78229
8837
93906
2115
29440
98362
8822
84111
78539
63134
8053
77701
57108
1440
98195
94612
15009
78411

36867
6103
37804
46321
82001
73120
17602

85012
92868
60611
19104
28054
40202
17403

32955
44857
8234
35242
55805


98368
30329
48602
70634
60612
17055

10017
38401
36607
21204
55404
75254
33606
11219
60606
38104
68701
22601
60606
63134

21202
17033
35801
11570
49801
6457

32610
33136
19958
22903
29169
29169
79601
22903
1803
55805
90505
55422
92324
38801
7503
75201
2190
35150
39202
37920
37027

80303
11213
10701
61602
48439
15222
60606
33487
17822
39216
13502
44308
40505
28401
33759
50325
32207
15213
63141
10467
28203
6810
43614

93636
85012
90048
30117
31602

12866
96813
72205
98195
98405

34102
90033
37922
78411
42303
75038
85016

35242
47710
48073
93105
27710
60612
43210
6810
60515
44195
75390
40202
29601
90027
14617
44310
92103
92868
30066
30309
30322
48439
75246
95661
35233
50266
60515
37232
63132
11570
98057
10065
4412
8360
24016
1742
18103
94143
63132

62269
75201

26506
60153
37027
33146
65212
10601
23502
77030
43082
45804
70163
2190
44106
60606
63141
61602
70121
38120
43205
43604
5401
27610
70403
33136
19901
30342
10461
92123


55805

40536
76903
2905
78229
8837
93906
2115
29440
98362
8822
84111
78539
63134
8053
77701
57108

1440
98195
94612
15009
78411

36867
6103
37804
46321
82001
73120
17602

85012
92868
60611
19104
28054
40202
17403

32955
44857
8234
35242
55805


98368
91723
30329
48602
70634
60612
17055

10017
38401
36607
80045
21204
55404
75254
97301
33606
11219
60606
38104

68701
83440
22601
60606
63134

21202
17033
35801
11570
49801
6457

92708
32610
33136
19958
22903
29169
29169
79601
22903
1803
55805
90505
55422
92324
38801
7503
75201
2190
35150
39202
37920
37027

80303
11213
10701
61602
48439
45404
15222
60606
33487
17822
48202
48202
21202
39216
13502
44308
40505
28401
33759
50325
32207
15213
63141
10467
28203
77030
6810

43614
46845

93636
85012
90048
30117
31602

12866
96813
72205
98195
98405
97330

34102
90033
37922
78411
42303
75038
85016

35242
47710
48073
93105
27710
60612
43210
6810
60515
44195
75390
40202
29601
90027
14617
44310
92103
92868
30066
30309
30322
48439
75246
95661
35233
50266
60515
37232
63132
11570
98057
10065
4412
91105
8360
24016
1742
18103
94143
80204
63132

62269
75201

26506
60153
37027
33146
65212
10601
23502
77030
2139
43082
45804
70163
2190
44106
60606
63141
61602
70121
38120
43205
43604
5401
55805

40536
76903
2905
78229
8837
93906
2115
29440
8822
84111
78539
63134
8053
57108

1440
98195
94612
2740
15009
78411
6519

36867
6103
59715
37804
46321
82001
73120
17602

85012
92868
60611
19104
28054
44308
98368
17403

32955
44857
8234
35242
55805


64131
98368
91723
30329
48602
70634
60612
17055

10017
38401
36607
80045
21204
55404
75254
97301
33606
11219
60606
38104

68701
83440
29440
22601
60606
63134

21202
17033
35801
11570
49801
6457

92708
32610
33136
19958
22903
29169
29169
79601
22903
1803
55805
90505
55422
38801
7503
75201
2190
35150
39202
37920
10456
37027

80303
11213
10701
61602
48439
45404
15222
60606
12866
33487
17822
48202
21202
39216
77555
13502
44308
40505
28401
33759
50325
32207
15213
63141
10467
28203
77030
60611
6810

95833
43614
60637
78539
46845

93636
85012
90048
30117
31602

12866
96813
72205
98195
55454
98405
97330

34102
90033
37922
78411
42303
1605
75038
85016

35242
47710
48073
93105
27710
60612
43210
6810
60515
44195
75390
40202
29601
90027
14617
44310
92103
92868
30066
30309
30322
48439
75246
95661
35233
29506
50266
60515
37232
63132
11570
98057
10065
4412
91105
8360
24016
1742
18103
94143
80204
87113
63132

62269
75201

26506
60153
37027
33146
65212
10601
23502
77030
2139
94598
43082
45804
70163
2190
44106
60606
63141
61602
70121
38120
43205
43604
5401
8822
78539
63134
8053
57108

1440
98195
94612
2740
15009
78411
6519

36867
6103
59715
37804
46321
82001
73120
17602
90292

92103
85012
92868
60611
19104
28054
44308
33612
22205
98368
17403
21287

32955
44857
8234
35242
55805

98405
25309


64131
98368
91723
30329
48602
70634
60612
17055

10017
38401
11042
36607
80045
21204
55404
75254
97301
33606
11219
60606
7450
38104

68701
83440
29440
22601
60606
63134

21202
17033
35801
11570
49801
6457


92708
8360
32610
33136
19958
22903
29169
29169
79601
22903
1803
55805
90505
55422
38801
7503
75201
2190
35150
39202
37920
10456
37027

80303
11213
10701
61602
48439
45404
15222
60606
12866
33487
17822
48202
21202
39216
77555
13502
44308
40505
28401
33759
50325
32207
15213
63141
10467
28203
77030
60611
6810

95833
43614
60637
78539
46845

93636
85012
90048
30117
31602

12866
96813
72205
98195
55454
98405
97330

34102
90033
37922
78411
42303
1605
75038
85016

35242
47710
48073
93105
27710
60612
43210
6810
60515
44195
75390
40202
29601
90027
14617
44310
8015
92103
92868
30066
30309
30322
48439
75246
95661
35233

29506
50266
60515
37232
63132
11570
98057
10065
4412
91105
8360
24016
1742
18103
94143
80204
87113
63132

62269
75201

26506
60153
37027
33146
65212
10601
23502
77030
2139
94598
43082
45804
70163
2190
44106
60606
63141
61602
70121
38120
43205
43604
53226
36867
6103
59715
37804
46321
82001
73120
17602
90292

92103
85012
92868
60611
19104
28054
44308
33612
22205
98368
17403
21287

32955
44857
8234
35242
30286
55805

98405
25309


64131
98368
91723
30329
48602
70634
60612
17055

10017
38401
36607
80045
21204
55404
75254
97301
33606
11219
60606
7450
38104

68701
83440
76104
29440
85147
22601
60606
63134

21202
17033
35801
11570
49801
6457


92708
8360
32610
33136
19958
22903
29169
29169
79601
22903
1803
55805
90505
55422
38801
7503
75201
2190
35150
39202
37920
10456
37027

80303
11213
10701
61602
48439
45404
15222
60606
12866
33487
17822
48202
21202
39216
77555
13502
93003
62301
44308
40505
28401
32714
33759
50325
32207
15213
63141
10467
28203
77030
60611
6810

95833
43614
60637
78539
46845

93636
85012
90048
30117
31602

12866
96813
46526
72205
98195
55454
98405
97330

34102
90033
37922
97850
78411
42303
1605
75038
85016
72205
54449

35242
47710
48073
93105
27710

60612
43210
6810
60515
7652
44195
75390
40202
29601
90027
14617
44310
28304
8015
92103
92868
30066
30309
30322
48439
75246
95661
35233
29506
50266
60515
37232
63132
11570
59804
98057
10065
4412
91105
8360
24016
1742
18103
94143
80204
87113
63132

62269
75201

26506
60153
37027
33146
65212
23502
77030
2139
94598
43082
45804
70163
2190
44106
60606
63141
61602
70121
38120
43205
43604
53226
73120

92103
85012
92868
60611
28054
44308
33612
22205
98368
17403
21287

32955
44857
8234
35242
85258
30286
55805

98405
25309


64131
98368
91723
48602
70634
60612
17055

29425
10017
38401
11042
36607
80045
37604
21204
55404
75254
97301
33606
11219
60606
7450
38104

68701
83440
76104
29440
85147
22601
60606
63134

21202
17033
35801
11570
49801
6457


92708
8360
32610
33136
19958
22903
29169
29169
79601
22903
1803
55805
90505
55422
7503
75201
2190
35150
39202
37920
10456
37027
76442

80303
11213
10701
78229
61602
48439
45404
15222
60606
12866
33487
37067
17822
48202
21202
49684
39216
77555
13502
93003
62301
44308
40505
90048
28401
32714
33759
50325
32207
15213
63141
36617
10467
28203
77030
60611
6810

95833
43614
60637
78539
22031
46845

93636
85012
90048
30117
31602

12866
96813
46526
72205
98195
55454
98405
97330

34102
90033
37922
97850
78411
42303
72401
1605
75038
85016
72205
60901
54449

35242
47710
48073
93105
27710

60612
43210
6810
60515
7652
44195
75390
75235
40202
29601
90027
14617
44310
28304
8015
92103
92868
30066
30309
30322
48439
75246
95661
35233
29506
50266
60515
37232
63132
11570
59804
98057
10065
4412
91105
80021
8360
24016
14203
1742
18103
94143
80204
87113
63132

62269
75201

26506
60153
92354
37027
33146
65212
23502
77030
2139
94598
43082
45804
70163
44106
60606
63141
61602
70121
38120
43205
43604
53226
33612
98368

44857
35242
85258
30286
55805

98405
25309


64131
98368
91723
48602
70634
60612
17055

29425
10017
38401
11042
36607
80045
37604
21204
55404
75254
32308
97301
33606
11219
60606
14617
7450
38104

68701
83440
76104
29440
85147
22601
60606
63134

21202
17033
35801
11570
49801
45402
6457


92708
8360
32610
33136
19958
22903
29169
29169
33309
79601
22903
1803
90505
55422
7503
75201
21204
2190
35150
39202
37920
10456
37027
76442

92123
80303
11213
10701
78229
61602
48439
45404
15222
60606
12866
33487
76104
37067
17822
48202
21202
49684
39216
77555
13502
93003
62301
44308
40505
90048
28401
32714
33759
50325
32207
15213
63141
36617
10467
28203
77030
60611
6810

95833
43614

60637
78539
22031
46845

93636
85012
90048
30117
31602

12866
96813
46526
72205
98195
55454
98405
97330

34102
90033
37922
97850
78411
42303
72401
1605
75038
85016
72205
60901
54449

35242
47710
48073
93105
27710

60612
43210
6810
60515
7652
44195
75390
75235
40202
29601
90027
14617
44310
28304
8015
92103
92868
30066
30309
30322
48439
75246
95661
35233

29506
50266
60515
37232
63132
11570
59804
98057
10065
4412
91105
80021
8360
24016
14203
1742
18103
94143
80204
87113
63132
35233

62269
75201

26506
60153
92354
37027
33146
65212
39216
23502
77030
2139
94598
43082
45804
70163
44106
60606
63141
61602
70121
38120
43205
43604
53226
55805
25309

91723
70634
60612
17055

29425
10017
38401
11042
36607
80045
37604
21204
55404
75254
32308
97301
33606
72501
11219
60606
14617
7450
38104

68701
83440
76104
29440
85147
22601
60606
63134

21202
17033
35801
11570
49801
45402
6457


92708
8360
32610
33136
19958
22903
29169
29169
33309
79601
22903
1803
90505
7503
21204
2190
35150
39202
37920
10456
37027
76442

92123
80303
11213
10701
78229
61602
48439
45404
15222
60606
12866
33487
76104
37067
17822
48202
21202
49684
39216
77555
13502
93003
44308
62301
44308
40505
52803
90048
28401
32714
33759
50325
32207
15213
63141
36617
10467
28203
77030
60611
6810
30117

95833
43614

60637
78539
10457
22031
46845

93636
85012
90048
30117
31602

12866
96813
46526
72205
98195
55454
98405
22205
97330

34102
90033
37922
97850
78539
78411
42303
72401
1605
75038
85016
72205
60901
12308
54449
37804

35242
47710
48073
93105
27710
97239

60612
43210
6810
60515
7652
44195
75390
75235
40202
29601
90027
14617
44310
28304
8015
92103
92868
30066
30309
30322
48439
75246
95661
35233

29506
50266
60515
37232
63132
11570
59804
98057
10065
4412
91105
80021
8360
24016
14203
1742
18103
94143
80204
87113
63132
35233

62269
75201

26506
60153
92354
37027
33146
65212
39216
23502
77030
2139
94598
43082
45804
70163
44106
60606
63141
61602
70121
38120
43205
43604
53226
11042
36607
80045
37604
21204
55404
75254
32308
97301
33606
72501
11219
60606
14617
7450
38104

68701
83440
76104
29440
68506
85147
22601
60606
63134

21202
17033
55101
35801
49801
45402
6457


92708
8360
32610
33136
59101
22903
29169
29169
33309
79601
22903
1803
90505
7503
21204
2190
35150
39202
37920
10456
91010
37027
76442

92123
80303
95833
11213
10701
78229

61602
48439
45404
15222
60606
12866
33487
76104
37067
17822
48202
21202
49684
39216
77555
13502
93003
44308
62301
44308
40505
52803
2601
90048
28401
32714
33759
50325
32207
15213
63141
36617
10467
28203
77030
60611
6810
30117
95833
43614

68198
52242
60637
78539
7052
10457
22031
46845

93636
85012
90048
30117
31602

12866
96813
46526
72205
98195
55454
98405
22205
97330

34102
90033
37922
97850
78539
78411
42303
72401
1605
75038
85016
29303
72205
60901
12308
54449
37804

35242
47710
48073
93105
27710
97239

60612
43210
6810
60515
7652

44195
75390
75235
10004
40202
29601
90027
14617
44310
28304
8015
92103
92868
30066
30309
77030
30322
48439
75246
95661
35233

29506
50266
60515
37232
63132
11570
59804
98057
10065
4412
91105
19801
80021
8360
24016
14203
1742
18103
94143
80204
87113
63132
35233

62269
75201

26506
60153
92354
37027
33146
65212
39216
10601
23502
77030
2139
94598
43082
45804
70163
2190
44106
60606
63141
61602
70121
13210
38120
43205
43604
53226
83440
76104
29440
68506
22601
60606
63134

21202
17033
55101
35801
49801
45402


92708
8360
32610
33136
59101
22903
29169
29169
33309
79601
22903
1803
90505
7503
21204
2190
19801
35150
39202
37920
10456
91010
37027
76442

90640
92123
80303
95833
11213
10701
78229

61602
48439
45404
15222
60606
12866
33487
76104
37067
17822
76301
48202

21202
49684
39216
77555
13502
93003
44308
62301
44308
40505
52803
2601
90048
28401
32714
33759
50325
32207
15213
63141
36617
10467
28203
77030
60611
6810
30117
95833
43614

68198
52242
60637
78539
7052
10457
22031
46845
89703

93636
85012
90048
30117
31602

12866
96813
46526
72205
98195
55454
98405
22205
97330

34102
90033
37922
97850
78539
78411
61081
42303
72401
1605
75038
85016
29303
72205
60901
12308
54449
37804

35242
47710
48073
93105
27710
27710
97239

60612
43210
6810
60515
7652

44195
75390
75235
65212
10004
40202
43202
29601
90027
14617
44310
28304
8015
92103
92868
30066
30309
77030
30322
48439
75246
95661
35233

29506
50266
60515
37232
63132
11570
59804
98057
10065
4412
91105
19801
80021
8360
24016
14203
1742
18103
94143
80204
87113
63132
35233

62269
98683
75201

26506
60153
92354
37027
33146
65212
39216
10601
23502
77030
2139
94598
43082
45804
70163
2190
44106
60606
63141
61602
70121
13210
38120
43205
43604
53226
8360
32610
33136
59101
22903
29169
29169
33309
79601
22903
1803
7503
21204
2190
19801
35150
39202
37920
10456
91010
37027
76442

90640
92123
80303
95833
11213
10701
78229

61602
48439
45404
15222
15222
60606
12866
33487
76104
37067
17822
76301
48202

21202
49684
39216
77555
13502
93003
44308
62301
44308
40505
52803
2601

90048
28401
32714
33759
50325
28203
32207
15213
63141
36617
10467
46321
28203
77030
60611
6810
7631
30117
95833
80303
43614

68198
52242
60637
78539
7052
10457
22031
46845
68601
89703


93636
64804
85012
90048
30117
31602

12866
96813
46526
72205
98195
55454
98405
22205
97330

34102
90033
37922
97850
78539
78411
61081

42303
72401
8210
1605
75038
85016
57701
65401
29303
72205
60901
12308
54449
37804

35242
47710
48073
93105
27710
27710
40202
97239

60612
45840
43210
6810
60515
7652

44195
75390
75235
65212
10004
40202
43202
29601
90027
14617
44310
28304
8015
92103
92868
30066
30309
61801
77030
30322
48439
75246
95661
35233

29506
50266
60515
37232
63132
11570
59804
98057
10065
4412
91105
19801
80021
8360
24016
14203
1742
18103
3756
94143
90027
80204
87113
63132
35233

21401
46544
62269
98683
75201

26506
60153
92354
37027
33146
65212
39216
10601
23502
77030
2139
94598
43082
45804
70163
2190
44106
26505
60606
63141
61602
70121
13210
38120
43205
43604
53226
1605
37920
91010
37027
76442
61602
48439
45404
15222
76301
48202

21202
49684
39216
93003
44308
62301
44308
40505
60611
52803
2601

90048
28401
33759
50325
28203
32207
63141
36617
46321
60611
7631
30117
47374

92868
95833
80303
27610
43614

68198
52242
60637
78539
46845
68601

93636
64804
90048
78155
30117
31602

12866
96813
46526
72205
98195
55454
98405
22205
97330

34102
47804
90033
37922
97850
78539
78411
61081

42303
72401
8210
1605

85016
57701
54956
65401
29303
45429
72205
60901
12308
54449
37804
60606
35242
47710
93105
40202
97239
4101

60612
45840
43210
6810
60515
7652


44195
75390
65212
10004
40202
43202
29601
90027
14617
44310

28304
8015
92868
30066
30309
61801
77030
30322
48439
75246
43701
95661
35233


29506
27514
50266
60515
37232
63132
59804
98057
10065
4412
91105
19801
80021
8360
24016
14203
1742
3756
33612
94143
90027
80204
87113
63132
35233

21401
46544
6457
62269
98683
75201

26506
60153
92354
33146
65212
39216
16001
10601
23502
77030
2139
94598
2905
45804
70163
2190
44106
26505
60606
63141
61602
70121
13210
38120
15243
43205
43604
53226
45229
1605
60611
52803
28401
28203
63141
36617
46321
60611
7631
30117
47374

92868
95833
80303
27610
43614

68198
52242
60637
78539
47201
46845
68601

93636
64804
90048
78155
30117
31602

12866
96813
46526
97058
72205
98195
55454
98405
22205
97330

34102
47804
90033
60612
37922
97850
78539
78411
61081

42303
72401
8210
1605

85016
57701
54956
65401
44333
29303
45429
72205
40351
60901
12308
54449
37804
60606
35242
47710
93105
47304
40202
97239
4101

60612
45840
43210
61938
6810
60515
7652


44195
75390
13502
13502
65212
92705
40202
43202
29601
90027
14617
44310

28304
8015
92868
30066
30309
61801
77030
30322
48439
75246
43701
95661
35233


29506
7728
73120
27514
50266
60515
37232
63132
59804
98057
10065
4412
11772
91767
91105
19801
80021
8360
24016
14203
1742
3756
33612
94143
90027
80204
87113
63132
35233

19104
21401
46544
6457
62269
92123
98683
75201

26506
2114
60153
92354
33146
65212
40536
39216
16001
10601
23502
45229
77030
2139
94598
2905
16001
45804
70163
2190
8901
44106
26505
60606
63141
61602
70121
13210
38120
15243
43205
49503
43604
53226
45229
1605
60611
7631
30117
47374

80303
27610
43614

68198
52242
60637
78539
87106
47201
46845

93636
64804
90048

78155
30117
31602

12866
96813
46526
97058
72205
98195
55454
98405
22205
97330

34102
47804
90033
22205
60612
37922
97850
78539
78411
61081

42303
35801
32308
72401
8210
1605


85016
57701
54956
65401
44333
29303
45429
72205
40351
60901
12308
54449
37804
60606
35242
47710
93105
47304
40202
97239
4101

60612
45840
43210
61938
6810
60515
7652


44195
75390
13502
13502
65212
92705
94143
40202
43202
29601
90027
44870
14617
44310

28304
8015
92868
30066
30309
61801
77030
30322
48439
75246
43701
95661
35233


29506
7728
73120
50266
60515
37232
63132
59804
98057
10065
4412
11772
91767
91105
19801
80021
8360
24016
14203
1742
3756
33612
94143
90027
80204
87113
63132
35233

19104
21401
46544
6457
62269
92123
98683
75201

26506
60153
92354
33146
65212
40536
39216
16001
45229
77030
2139
94598
2905
16001
45804
90012
70163
2190
8901
44106
26505
60606
63141
61602
70121
13210
38120
15243
43205
49503
43604
19140
53226
45229
55425
1605
46202
27610
52242
60637
87106
47201
93636
64804
90048

78155
30117
31602

12866
46526
97058
72205
46845
98195
55454
98405
22205
97330

34102
47804
90033
22205
60612
37922
97850
78539
78411
61081

42303
35801
91405
32308
72401
8210
1605


85016
57701
7450
54956
65401
44333
29303
45429
72205
40351
60901
12308
54449
37804
60606
35242
47710
29169
93105
47304
40202
97239
4101

60612
45840
43210
61938
6810
60515
7652


44195
44195
75390
13502
13502
65212
92705
94143
40202
43202
29601
90027
44870
14617
44310

28304
8015
92868
30066
30309
61801
77030
30322
48439
75246
43701
95661
35233


29506
7728
73120
21201
50266
60515
37232
63132
59804
98057
10065
4412
11772
91767
91105
19801
19901
80021
8360
33155
24016
14203
1742
3756
33612
98057
94143
90027
80204
87113
63132
66160
35233

19104
21401
46544
6457
62269
92123
98683
75201

26506
97239
60153
92354
33146
65212
40536
11042
11042
39216
16001
45229
77030
49098
2139
94598
2905
16001
45804
90012
70163
2190
8901
44106
26505
60606
63141
61602
70121
13210
38120
15243
43205
49503
43604
19140
53226
45229
55425
1605
21287
46202
93636
64804
90048

78155
30117
31602

12866
46526
97058
72205
46845
98195
55454
98405
22205
97330

34102
47804
90033
22205
60612
37922
97850
78539
78411
61081

42303
35801
91405
32308
72401
8210
1605


85016
57701
7450
54956
65401
44333
29303
45429
72205
40351
60901
12308
54449
82633
37804
60606
35242
47710
29169
93105
47304
40202
97239
47710
4101

60612
45840
43210
61938
6810
60515
7652


44195
44195
75390
13502
13502
65212
92705
94143
40202
37920
43202
29601
90027
44870
14617
44310

28304
8015
92868
30066
30309
61801
77030
30322
48439
75246
43701
95661
35233


29506
7728
97058
73120
21201
50266
60515
37232
63132
59804
98057
10065
4412
11772
91767
91105
19801
19901
80021
8360
33155
24016
14203
1742
85258
3756
33612
98057
94143
90027
80204
87113
63132
66160
35233

19104
21401
46544
6457
62269
92123
98683
75201

26506
97239
60153
92354
76104
33146
65212
40536
11042
39216
16001
45229
77030
49098
2139
94598
2905
16001
45804
62781
90012
70163
2190
8901
44106
26505
60606
63141
61602
70121
13210
38120
15243
43205
49503
43604
19140
53226
45229
55425
1605
21287
46202

31602
72205
46845
98195
55454
98405
22205
97330

34102
47804
90033
22205
60612
37922
97850
78539
78411
61081

42303
35801
91405
32308
72401
8210
1605


85016
82072
57701
7450
54956
65401
44333
29303
45429
72205
40351
60901
27610
12308
54449
82633
37804
36301
60606
35242
47710
29169
93105
47304
21742
40202
97239
47710
4101

60612
45840
43210
61938
6810
60515
7652


44195
44195
75390
13502
13502
65212
92705
94143
40202
43202
29601
90027
44870
14617
44310

8015
92868
30066
30309
61801
77030
30322
48439
75246
43701
95661
35233


29506
7728
97058
73120
21201
50266
60515
37232
63132
59804
98057
10065
4412
11772
91767
91105
19801
19901
80021
8360
33155
24016
14203
1742
85258
3756
33612
98057
94143
90027
80204
60005
76104
87113
63132
66160

19104
46544
6457
62269
92123
98683
75201

26506
97239
60153
92354
76104
33146
65212
40536
11042
92708
39216
16001
45229
77030
49098
2139
21204
94598
2905
16001
45804
62781
90012
70163
2190
8901
44106
60606
63141
61602
70121
13210
30342
38120
15243
43205
49503
43604
19140
53226
83712
46321
45229
55425
1605
38105
21287
46202
98405
22205
97330
34102
47804
90033
22205
60612
37922
97850
78539
78411
61081

42303
35801
32308
72401
8210
1605
21401


85016
82072
97381
57701
7450
35150
54956
65401
44333
29303
45429
72205
40351
60901
27610
12308
54449
82633
37804
36301
60606
90034
48152
35242
47710
29169
93105
47304
21742
36106
40202
97239
47710
4101

60612
92868
45840
43210
61938
6810
60515
7652


44195
44195
75390
43614
13502
13502
65212
92705
94143
66061
59405
40202
43202
29601
90027
33458
44870
14617
44310

8015
92868
30066
30309
61801
77030
30322
48439
75246
43701
95661
75092
39648
35233


29506
7728
97058
73120
46952
21201
50266
60515
37232
63132
59804
98057
10065
4412
11772
91767
91105
99669
19801
19901
80021
8360
33155
24016
14203
1742
85258
3756
33612
98057
94143
90027
80204
60005
76104
87113
63132
66160

19104
46544
6457
62269
92123
98683
75201

50266
26506
97239
60153
92354
76104
33146
77030
65212
40536

11042
92708

39216
16001
32256
2118
52242
45229
77030

49098
2139
21204
94598
2905
16001
45804
62781
90012
70163
2190
8901
44106
60606
48912
63141
61602
70121
13210
30342
38120
15243
43205
49503
43604
19140
53226
83712
46321
5401
45229
55425
1605
38105
21287
46202
97850
78411
61081

32308
72401
8210
1605
21401


85016
82072
97381
57701
7450
35150
54956
65401
44333
29303
45429
72205
40351
60901
27610
12308
54449
82633
37804
36301
60606
90034
48152
35242
47710
29169
93105
47304
21742
36106
40202
97239
47710
4101

60612
30117
92868
30117
45840
43210
61938
6810
60515
7652


44195
44195
75390
43614
13502
13502
65212
92705
94143
66061
59405
40202
43202
29601
90027
33458
44870
14617
44310

8015
92868
30066
30309
61801
77030
30322
48439
75246
43701
95661
75092
39648
35233


29506
7728
97058
73120
46952
21201
50266
60515
37232
63132
59804
98057
4412
11772
91767
91105
99669
19801
19901
19087
80021
8360
33155
24016
14203
1742
6519
85258
3756
33612
29440
98057
98057
94143
90027
80204
60005
76104
87113
63132
66160

19107
46544
6457
62269
92123
98683
75201

50266
26506
97239
91761
60153
92354
76104
33146
77030
65212
40536
11042
92708

39216
16001
32256
2118
52242
45229
77030

49098
2139
21204
94598
2905
16001
45804
62781
90012
70163
2190
8901
44106
48912
63141
61602
70121
13210
30342
38120
15243
43205
49503
43604
19140
53226
83712
46321
5401
45229
55425
1605
7450
38105
21287
46202
21401
85016
97381
57701
35150
54956
65401
44333
29303
45429
72205
40351
60901
12308
54449
82633
37804
36301
60606
90034
48152
35242
47710
29169
93105
47304
21742
36106
40202
21742
97239
47710
4101

60612
40536
30117
92868
30117
45840
43210
61938
6810
60515


44195
44195
75390
43614
13502
13502
65212
94143
66061
59405
40202
43202
29601
90027
33458
44870
14617
44310

8015
92868
30066
97471
30309
94040
61801
77030
30322
48439
75246
43701
95661
75092
39648
35233

39216

29506
97058
73120
46952
21201
60637
50266
60515
37232
63132
59804
98057
4412
11772
91767
91105
19801
19901
19087
80021
8360
14617
33155
98683
94612
14203
1742
6519
55905
62781
85258
3756
33612
29440
98057
98057
94143
90027
80204
60005
76104
87113
63132
66160

19107
33155
1605
46544
6457
62269
92123
98683
75201

50266
26506
97239
91761
60153
92354
76104
33146
77030
65212
40536
70360
92708

32256
15601
2118
46804
52242
45229
77030

49098
2139
21204
94598
2905
45804
62781
90012
70163
33458
2190
8901
44106
60606
48912
63141
61602
70121
13210
30342
38120
15243
43205
49503
43604
19140
53226
83712
46321
5401
45229
55425
27710
8053
1605
7450
38105
21287
46202
60901
54449
82633
37804
36301
60606
90034
48152
35242
47710
29169
47304
21742
36106
40202
21742
97239
21401
47710
4101

60612
60637
40536
94533
30117
92868
30117
45840
43210
61938
6810
60515


44195
44195
75390
43614
13502
13502
65212
94143
66061
59405
40202
37920
43202
29601
90027
33458
98239
44870
14617
28304
8015
92868
30066
97471
30309
94040
61801
77030
30322
93105
48439
75246
43701
95661
75092
39648
35233

39216

29506
19801
97058
73120
46952
21201
60637
50266
60515
37232
63132
59804
98057
4412
11772
91767
91105
19801
19901
19087
80021
8360
14617
33155
98683
94612
14203
1742
6519
55905
62781
85258
3756
48109
33612
29440
98057
98057
94143
90027
80204
60005
76104
87113
63132
44308
66160

19107
33155
1605
46544
6457
62269
92123
98683
75201
37203

50266
26506
97239
91761
60153
92354
76104
33146
77030
65212
40536
70360
92708

32256
15601
2118
46804
52242
45229
77030

49098
2139
21204
94598
2905
45804
62781
90012
70163
33458
82001
2190
8901
44106
60606
48912
63141
61602
70121
13210
55805
30342
38120
15243
43205
49503
43604
19140
53226
83712
46321
5401
45229
55425
8053
1605
7450
38105
21287
46202
36106
40202
21742
97239
21401
47710
4101

60612
60637
40536
94533
30117
92868
30117
45840
43210
61938
6810
60515


44195
44195
75390
43614
13502
13502
65212
94143
66061
59405
40202
37920
43202
29601
90027
33458
38801
98239
44870
14617
28304
8015
92868
30066
97471
30309
94040
61801
77030
30322
93105
48439
75246
43701
95661
75092
39648
35233


39216


29506
19801
97058
73120
46952
21201
60637
50266
60515
37232
63132
59804
98057
4412
11772
91767
91105
19801
19901
19087
80021
8360
14617
33155
79905
98683
94612
14203
1742
6519
55905
62781
85258
48109
33612
29440
98057
98057
94143
90027
80204
60005
76104
87113
63132
44308
66160

19107
33155
1605
46544
6457
62269
92123
98683
75201
37203

50266
2740
26506
97239
91761
60153
92354
76104
33146
77030
65212
40536

70360
92708
63134

39216
32256
15601
2118
46804
52242
45229
77030

49098
2139
21204
94598
2905
45804
62781
90012
70163
33458
82001
2190
8901
44106
60606
48912
63141
61602
70121
13210
55805
30342
38120
15243
43205
96813
49503
43604
19140
53226
83712
46321
5401
45229
55425
27710
8053
1605
7450
38105
52242
21287
46202

60612
60637
40536
30117
92868
45840
43210
61938
6810
60515


44195
44195
75390
43614
13502
13502
94143

66061
40202
37920
43202
29601
90027
33458
38801
98239
44870
14617
28304
8015
92868
30066
97471
30309
94040
61801
77030
30322
93105
48439
75246
43701
95661
75092
39648
35233


39216

29506
19801
97058
73120
46952
97123
97123
21201
60637
50266
60515
37232
63132
59804
98057
4412
11772
91767
91105
19801
19901
19087
80021
8360
14617
33155
79905
98683
94612
14203
1742

55905
62781
85258
48109
33612
29440
98057
98057
57105
94143
90027
80204
60005
76104
87113
63132
44308
66160

19107
33155
1605
46544
6457
62269
27157
92123
80204
98683
75201
37203

50266
2740
26506
97239
33607
91761
60153
92354
76104
33146
77030
65212

70360
92708
8837
63134

39216
32256
15601
2118
46804
52242
45229
77030

49098
2139
21204
94598
2905
45804
62781
90012
70163
33458
82001
2190
8901
44106
60606
48912
63141
61602
70121
13210
55805
30342
38120
15243
43205
96813
49503
43604
19140
53226
83712
46321
5401
45229
55425
27710
1605
7450
38105
52242
21287
46202
75390
43614
13502
13502
94143

66061
40202
37920
43202
29601
90027
33458
38801
98239
44870
28304
8015
30066
37604
61801
30322
48439
75246
95661
75092
39648
35233




29506
97381
19801
73120
46952
97123
21201
60637
50266
37232
63132
59804
98057
4412
11772
91767
91105
19801
19901
19087
80021
8360
14617
33155
24016
79905
94612

55905
62781
85258
48109
33612
29440
98057
98057
57105
94143
90027
46202
46202
80204
60005
76104
87113
63132
44308
66160

19107
21401
33155
46544
6457
62269
27157
92123
80204
98683
37203
72202
77054
33136
50266
2740
26506
97239
33607
91761
92354
76104
33146
77030
65212

92708
8837
63134

39216
32256
15601
2118
46804
52242
45229

2139
21204
94598
2905
45804
62781
70163
33458
82001
2190
8901
44106
50010
60606
48912
63141
61602
70121
21801
55805
30342
38120
15243
43205
96813
49503
43604
19140
53226
83712
46321
5401
45229
55425
27710
1605
7450
38105
52242
21287
46202
40202
37920
43202
29601
90027
33458
38801
98239
44870
28304
30066
37604
61801
30322
48439
75246
95661
75092
35233




29506
97381
19801
73120
46952
97123
21201
27514
60637
50266
37232
63132
59804
98057
4412
11772
91767
91105
19801
63703
19901
19087
80021
8360
14617
33155
24016
79905
48503
94612

55905
62781
85258
48109
33612
29440
98057
98057
57105
94143
90027
46202
80204
60005
76104
87113
63132
44308
66160

21401
33155
46544
6457
62269
27157
92123
80204
98683
37203
72202
77054
33136
50266
40505
2740
26506
97239
33607
92354
76104
77030
65212

92708
8837
63134

39216
24501
32256
15601
2118
46804
52242
45229

92868
2139
21204
94598
2905
45804
62781
70163
33458
82001
2190
8901
44106
50010
60606
48912
63141
61602
70121
21801
55805
30342
38120
15243



12208
82633
27103
39601
96813

45229
45229

45601
5478
54220
14642
97850
31602

92868
27610
47710
32086
29169
60611
43205
96813
49503
43604
53226
83712
46321
46845
46845

89502
45229
27710
45229
1605
45229
7450
30912
52242
21287
46202
46845
46845
73120
21201
60637
50266
60515
63132
59804
98057

91105
19801
63703
19901
14617
79905
48503


45601
55905
62781
48109
33612
29440
5478
98057
98057
57105
94143
90027
46202
54220
80204
60005
76104
63132
44308
66160
33612
33612


14642
33155
46544
6457
62269
27157
97850
92123
80204
98683
37203
72202
77054
33136
50266
40505
2740
31602
2114
97239
33607
92354
76104
77030

65212


63134
24501
55387
32256
61801
6010
2118
29621
76301
52242

92868
92868
2139
21204
94598
2905
27610
45804
12208
62781
70163
82633
48670
82001
2190
44106
47710
50010
98057
98057
60606
27103
48912
63141
21811
39601
32086
61602
21801
96813
29169
55805
75235
30342
60611
81003
38120
15243
43205
96813
49503
43604
53226
83712
46321
46845

89502
45229
27710
45229
1605
45229
7450
30912
52242
21287
60201
46202

63703
48503

45601
55905
62781
48109
33612
83110
5478
98057
98057
94143
90027
46202
54220
80204
60005
76104
63132
44308
66160
33612

28546

14642
21401
33155
46544
6457
62269
27157
97850
92123
80204
98683
37203
72202
77054
33136

50266
40505
2740
31602
2114
97239
33607
92354
77030

65212


63134
98034
24501
55387
32256
61801
15601
6010
2118
29621
76301
52242

92868
68901
92868
2139
21204
94598
27610
45804
12208
62781
70163
82633
48670
82001
2190
47710
50010
98057
60606
27103
48912

63141
21811
76903
39601
32086
61602
75203
21801
96813
2139
29169
55805
75235
30342
60611
81003
38120
15243
43205
96813
49503
43604
53226
83712
46321
46845

89502
45229
27710
45229
1605
45229
30912
52242
21287
60201
55905
62781
48109
83110
98057
98057
94143
90027
46202
80204
60005
63132
44308
66160
33612

28546

14642
21401
33155
46544
62269
27157
97850
92123
80204
98683
37203
72202
77054
33136

50266
40505
2740
31602
2114
97239
33607
92354
77030

65212


63134
98034
24501
55387
61801
15601
6010
2118
29621
76301
52242

92868
68901
92868
2139
21204
94598
27610
45804
12208
62781
70163
82633
48670
82001
2190
47710
50010
98057
60606
27103
48912

63141
21811
76903
39601
32086
61602
75203
21801
96813
2139
29169
55805
75235
30342
60611
81003
38120
15243